1564427095,3348,15536,-1220,1582,1469,-1072,0
1564427095,2144,18208,-272,1487,-1725,1342,0
1564427096,3696,15308,-660,-20,732,796,0
1564427096,3244,15612,-868,-308,812,285,0
1564427096,1384,16920,168,1111,-909,727,1
1564427096,4224,15180,-192,-489,698,-31,0
1564427096,3776,15432,-812,-418,79,-590,0
1564427096,3724,15704,-380,367,-1,-557,0
1564427096,3464,15600,-284,2438,-339,-1107,0
1564427096,3360,15584,-832,-72,264,-376,0
1564427096,3864,15472,-856,-618,794,-236,0
1564427096,3172,15600,-1004,-668,1019,-638,0
1564427096,3384,15636,-180,-203,382,-541,1
1564427096,216,17052,-756,512,-305,409,0
1564427096,4356,15204,-724,-627,750,-740,0
1564427096,3100,16320,-884,296,-286,-117,0
1564427096,2944,15544,-576,821,-381,-413,0
1564427097,3300,15476,-52,1220,-488,573,0
1564427097,4268,15556,-1012,1682,-964,-265,0
1564427097,2512,16164,-1304,71,-232,-386,0
1564427097,2856,15068,-572,-230,588,-364,0
1564427097,4136,15648,-756,1366,-1802,-287,1
1564427097,396,14080,3556,-399,-445,-596,0
1564427097,6404,15828,-2616,-989,2130,-544,0
1564427097,3676,16320,-1104,824,-556,1091,1
1564427097,2812,16160,-696,500,-426,-113,0
1564427097,4096,15612,-448,-455,141,296,0
1564427097,2420,15360,900,462,106,-337,0
1564427097,2800,15824,-252,-172,233,-14,0
1564427097,2984,16000,-640,1004,-45,-85,0
1564427097,4052,19992,-1016,534,1247,1445,0
1564427097,1148,16196,96,333,-342,-144,0
1564427097,4476,15860,-388,-320,-193,213,0
1564427097,4148,16964,-1428,-884,806,-2161,0
1564427097,2100,14764,2724,901,-989,-40,0
1564427097,3696,16604,-1144,-39,-311,3505,0
1564427097,3240,15184,1388,877,1399,-399,0
1564427097,-2180,9552,-3012,2703,7284,173,0
1564427097,2316,15308,496,1608,-58,125,0
1564427097,-7456,12856,8140,4539,-288,1697,0
1564427097,4032,15816,-1068,-808,2219,-1081,0
1564427097,-9120,19728,2476,1579,-1018,1452,0
1564427097,4396,15284,-1692,-918,1070,46,0
1564427097,4340,14032,3108,540,705,355,0
1564427097,3608,15572,352,1855,880,-1475,0
1564427097,1548,17328,-2012,1524,-464,463,0
1564427097,1264,15084,1520,-1686,225,111,0
1564427098,5320,15360,-876,1320,117,-366,0
1564427098,1952,15724,676,2012,-1113,-1492,0
1564427098,5780,16560,-1444,1415,-335,420,0
1564427098,2864,14988,72,1761,185,-1872,0
1564427098,1300,15420,72,2209,-71,715,1
1564427098,4568,16060,-3452,2127,-640,1167,0
1564427098,2580,15716,-1664,118,776,736,0
1564427098,4004,15172,-1116,1297,364,197,0
1564427098,5016,15768,-1252,1916,942,-446,0
1564427098,4744,14172,-1012,502,-1736,-247,0
1564427098,1652,15308,-956,425,2416,-1408,0
1564427098,1648,16960,-2208,-168,358,3000,0
1564427098,2772,15976,-280,-2417,647,925,0
1564427098,2140,14796,-296,1061,-477,-858,0
1564427098,7276,14488,-5564,-1670,-2822,-2699,0
1564427098,6532,14224,-2872,-641,-1257,-352,0
1564427098,2128,16292,-1768,26,714,402,0
1564427098,6252,16412,-3544,-1442,2338,978,0
1564427098,2008,14192,264,1132,11,311,0
1564427098,2012,19016,-3088,-1591,2097,-60,0
1564427098,1996,16840,-520,182,1209,807,1
1564427098,5068,15540,-1560,-350,-189,2153,0
1564427098,4620,19188,-3360,220,929,-124,1
1564427098,3320,14724,-1012,-520,1985,364,0
1564427098,2572,16184,48,-1761,507,204,0
1564427098,6052,15268,780,-225,2551,-324,0
1564427098,1588,16104,-920,-3695,1185,1724,0
1564427098,3880,14636,2012,-2524,58,448,0
1564427098,1412,14660,1352,1839,-395,-1480,0
1564427098,2164,16116,12,-103,-752,-2165,0
1564427099,2872,16352,-660,-993,1253,-507,1
1564427099,1708,17404,1948,433,523,1692,0
1564427099,4104,14312,444,-331,-1426,982,0
1564427099,2048,15948,132,-1661,-3052,1202,0
1564427099,3032,16052,316,1774,-1491,837,0
1564427099,3220,15768,1556,1681,-2155,-741,0
1564427099,4776,15876,5636,536,-488,-1304,0
1564427099,3856,16724,-952,2331,991,-1734,0
1564427099,9368,13756,-7220,-1076,10863,-3610,0
1564427099,-868,16464,-460,531,-1102,2649,0
1564427099,2412,14588,1364,776,-538,2551,0
1564427099,400,17004,2944,-394,-3268,-4058,2
1564427099,6356,15388,-1120,1354,-3177,-2437,0
1564427099,3964,16196,-2260,28,1761,632,0
1564427099,4276,15104,-1592,-1967,1376,1535,0
1564427099,-404,16140,1340,-893,-523,2938,0
1564427099,3920,15644,100,-110,353,-1306,0
1564427099,1528,17188,-468,-1196,2004,1307,0
1564427099,3988,16332,-40,-1327,1234,4379,0
1564427099,1924,14048,-44,-516,-563,4738,0
1564427099,5156,16040,532,1140,-3929,8416,0
1564427099,5336,14660,-1112,-1791,1489,2651,2
1564427099,5644,16584,-72,-3904,5869,2028,0
1564427099,4096,16300,2400,-1605,4038,2062,0
1564427099,13320,18632,-1888,2069,-2907,-357,0
1564427099,7092,10804,5224,27707,-8396,-3145,0
1564427099,3936,16084,-3056,7057,-6905,-1807,1
1564427099,2284,15604,-1904,1394,-10,1763,1
1564427100,6612,15160,-2104,1131,1943,3883,0
1564427100,3204,14248,-1500,-691,1509,-181,0
1564427100,4884,14792,-716,239,-508,-1197,2
1564427100,4828,13512,-508,1428,1030,-3398,1
1564427100,3216,14288,156,5456,-1648,-5086,0
1564427100,5236,15636,-4120,1684,-805,-5601,0
1564427100,2656,15516,-1468,-2771,1094,-6052,0
1564427100,512,15448,-1008,-3867,2182,-2387,0
1564427100,2040,14724,124,-414,-498,2150,0
1564427100,3836,14500,-876,3624,-1557,1896,0
1564427100,2152,16996,-3132,1510,-1646,716,0
1564427100,4940,15224,-1812,-1702,1871,-762,1
1564427100,2120,15200,-908,-1098,-636,-1689,0
1564427100,1832,16204,-1048,-1832,-874,-2617,0
1564427100,3180,15632,-576,1077,332,-3659,0
1564427100,2264,17252,-2148,1113,909,-2267,0
1564427100,3532,16000,-1372,-1418,413,-1688,0
1564427100,1256,15312,220,-1288,-100,-1953,0
1564427100,4228,13588,-92,1650,-954,-1027,2
1564427100,-968,16272,-2800,-1898,866,4182,0
1564427100,2176,14512,376,-5410,2152,1609,0
1564427100,1660,15440,1012,977,1364,-597,0
1564427100,476,15244,432,2933,-822,-1086,0
1564427100,2216,14972,-248,-506,1326,-127,0
1564427100,1240,16212,-60,-650,2812,-1238,0
1564427100,2936,15824,12,2252,2741,-150,0
1564427100,388,16104,-340,675,934,-358,0
1564427100,2660,15828,936,-474,1135,-835,0
1564427101,3072,15112,-196,1990,4334,-149,0
1564427101,1872,16444,-1060,626,1055,-379,0
1564427101,4096,12508,13928,-1289,3753,1644,0
1564427101,-288,15460,508,718,155,1543,0
1564427101,-168,17576,-56,1965,1845,2006,0
1564427101,1272,14832,36,1252,-372,2312,0
1564427101,3004,16136,-632,2457,-3803,2483,0
1564427101,4476,15472,-2292,2379,-2593,4531,0
1564427101,2732,17516,-328,64,1810,7576,0
1564427101,3192,16420,-1640,2089,3553,9017,0
1564427101,5496,15204,-532,-1258,1261,8297,0
1564427101,6172,16248,-40,4647,1397,3870,0
1564427101,2988,16060,148,-1926,-2071,57,0
1564427101,2468,14404,444,-366,349,3727,0
1564427101,6888,11676,560,-3385,-370,1692,0
1564427101,5060,15580,-848,-165,1459,1546,0
1564427101,4660,14184,664,954,1445,-2125,0
1564427101,5880,14700,-596,3160,419,-2685,0
1564427101,6720,13328,1264,2712,1169,-4077,0
1564427101,3296,16632,-2124,4812,1561,-2629,1
1564427101,-292,12944,-168,1123,1690,-918,0
1564427101,4292,14764,-500,3271,-108,2157,0
1564427101,4872,14332,-608,-1760,1097,502,0
1564427101,3808,14884,132,-1156,-994,-197,0
1564427101,2872,18460,-3888,-2188,-1027,-260,0
1564427101,5056,19260,-3324,187,-729,-3135,0
1564427101,5220,15404,-932,1289,2386,-6233,0
1564427102,3596,17204,-2524,2854,-424,-300,0
1564427102,2276,15808,-1312,-245,1855,76,1
1564427102,3288,15180,-840,710,3302,-829,1
1564427102,3892,15700,-1100,922,1801,146,0
1564427102,3016,15536,-892,118,1977,-284,0
1564427102,4412,13500,-204,3,3557,-1103,0
1564427102,3780,15732,552,565,-987,-1354,0
1564427102,-1224,16080,-120,1615,2820,-1977,0
1564427102,2012,16596,-444,539,813,1712,1
1564427102,852,18464,64,-2394,1003,4888,0
1564427102,4904,15288,-2136,-2453,2091,2995,0
1564427102,3696,14924,-1564,-802,3483,1149,0
1564427102,4532,15348,168,1037,442,-132,0
1564427102,2884,15140,-364,1194,1085,-4034,0
1564427102,3400,15128,-1040,380,687,-8,0
1564427102,7004,14672,-560,280,3333,-1396,0
1564427102,3280,15812,148,599,2052,-226,0
1564427102,1968,15712,272,-914,696,683,0
1564427102,3844,15184,512,-250,651,941,0
1564427102,3420,15740,-180,980,1074,606,0
1564427102,5780,11248,44,-1323,-778,-2216,0
1564427102,4336,14500,-576,675,792,-282,0
1564427102,3192,15636,732,382,-857,694,0
1564427102,3928,15804,100,551,-1538,331,0
1564427102,3512,16280,-248,2627,-2332,1628,0
1564427102,4520,16524,96,4317,-1910,2385,0
1564427102,-1100,13476,464,1044,-1682,105,0
1564427103,6048,21500,-15288,1230,1854,-364,0
1564427103,1220,12752,6228,-1692,865,-102,0
1564427103,4616,16768,-3724,1568,328,1391,0
1564427103,1140,14368,1044,2663,-106,3628,0
1564427103,8372,16648,-2504,307,216,-1074,0
1564427103,3388,14012,1128,-2006,-362,-1900,0
1564427103,3760,15972,-2364,1205,601,-1115,0
1564427103,7376,10700,-1788,3624,2429,916,0
1564427103,1688,14856,0,1569,2736,2130,0
1564427103,3492,16608,760,333,369,-2180,2
1564427103,6928,11132,-1984,1914,4632,4587,0
1564427103,10260,14104,-5856,3112,-2398,-3840,0
1564427103,3476,13508,2232,-558,-1858,457,0
1564427103,-2072,20892,-3948,1047,-288,1209,0
1564427103,3940,13688,240,-9,2473,-3172,0
1564427103,3476,16128,-2064,-364,2778,919,0
1564427103,1848,15444,-2068,151,-1609,-1141,0
1564427103,15976,11240,-3240,4076,1649,-1400,0
1564427103,3476,15796,-2092,-4320,2746,5033,0
1564427103,1648,15408,-364,1007,1402,-211,0
1564427103,3956,16292,-656,30,750,2511,0
1564427103,7264,15668,-1672,-2102,1174,1829,0
1564427103,7152,14300,-752,1440,-918,-3189,0
1564427103,1072,14808,-1628,1356,-730,-684,0
1564427103,6500,12980,-960,3370,-985,1166,2
1564427103,2956,16656,-2660,565,725,-1171,2
1564427103,5040,16396,-2476,954,2202,-49,0
1564427103,2552,15956,-1048,-355,1571,1438,0
1564427104,8536,16004,-6196,343,2715,205,1
1564427104,3868,15340,-984,-37,-199,1358,0
1564427104,4316,15716,-1204,2486,216,1525,0
1564427104,5108,14924,-1256,175,-1413,-1563,0
1564427104,2548,14960,-840,-419,1169,-3743,0
1564427104,5148,15536,-1072,2549,-935,-2379,0
1564427104,328,16524,-1908,1442,1975,-1649,0
1564427104,2612,15708,-996,-2076,2054,4441,0
1564427104,10868,13296,-2576,3036,-3425,-2304,0
1564427104,684,17852,-4884,-3651,1885,-350,0
1564427104,-260,13076,3952,3355,-1443,887,0
1564427104,2192,13928,1096,-4011,200,1437,0
1564427104,3768,16628,-2364,4757,-1796,-2825,0
1564427104,-604,16668,-3120,800,1547,-1117,0
1564427104,876,15232,888,-1128,3807,-324,0
1564427104,2228,16872,-2008,748,41,1855,0
1564427104,4528,14476,244,71,491,-90,0
1564427104,5804,16504,-2776,-746,-951,-346,0
1564427104,2284,15748,-460,-161,-723,639,0
1564427104,1928,16168,-2240,152,1054,-286,0
1564427104,2224,14512,-28,3010,813,-3131,0
1564427104,1932,15356,-1168,3744,-2183,-2185,0
1564427104,792,18540,-4796,1530,-274,-965,0
1564427104,-432,12816,2536,1774,-381,-1987,0
1564427104,2468,17376,-4360,-1171,2958,5041,0
1564427104,2932,15504,-572,3430,354,2482,0
1564427104,380,19176,-4264,-4864,3207,4927,0
1564427105,7872,11952,1580,4580,584,4551,0
1564427105,-1968,17792,-3228,-2619,2163,-1350,0
1564427105,7732,12360,1132,2418,256,704,0
1564427105,1172,16640,-2528,-460,786,-2725,0
1564427105,5420,14260,-112,1693,480,-1062,1
1564427105,1780,16304,-1336,-558,1026,1241,1
1564427105,9300,15280,-2116,4292,1928,-11809,1
1564427105,8848,13972,-560,-1527,-94,-2836,0
1564427105,1656,15612,-2280,1558,699,-2800,0
1564427105,-736,15588,-1548,1080,307,-290,0
1564427105,904,16424,-2288,-557,1413,2886,0
1564427105,4864,14656,-940,1714,1322,2222,0
1564427105,400,14572,-1876,2785,122,-4892,0
1564427105,1636,15248,-368,583,1268,-1991,0
1564427105,2896,15632,-572,1654,895,-2687,0
1564427105,5352,17288,-2816,3003,1064,-3511,0
1564427105,2924,16524,-2012,-1800,379,1405,0
1564427105,3364,15976,-996,581,1335,2206,0
1564427105,1368,15668,-1468,236,1461,624,0
1564427105,804,15644,-1800,-212,567,465,0
1564427105,716,16484,-2688,-1947,1218,4099,0
1564427105,932,15216,-1676,-360,307,3684,0
1564427105,5288,13648,-1552,489,207,1306,0
1564427105,2724,16328,-1024,-453,372,-339,0
1564427105,4116,15700,-1864,1273,-87,95,0
1564427105,1620,15332,-956,918,-53,-1631,0
1564427105,2872,14988,-1020,1393,10,-642,0
1564427105,588,15984,-1596,437,-196,333,0
1564427106,2356,15744,-1780,1296,-169,-828,0
1564427106,2376,15224,-1572,-200,119,249,0
1564427106,7032,16596,-1456,-837,826,3304,0
1564427106,3312,14940,-1092,238,142,692,0
1564427106,-2112,16760,-2004,523,-272,-7600,0
1564427106,844,15148,-368,395,-15,2497,0
1564427106,4036,15044,-1584,902,-625,1323,0
1564427106,1936,14404,-2208,707,287,-2907,2
1564427106,2932,16460,-1468,586,-181,-3070,0
1564427106,1704,15808,-1436,585,-422,-2427,0
1564427106,1148,17700,-776,-546,897,795,0
1564427106,1380,15468,-1528,-680,401,2214,0
1564427106,2328,16220,576,-380,642,591,0
1564427106,4040,13440,720,108,-138,-421,0
1564427106,1412,15324,-172,963,577,-1967,1
1564427106,-1024,15544,488,136,123,-706,0
1564427106,816,17120,-1956,512,96,-1968,0
1564427106,268,22908,-2748,116,1703,852,0
1564427106,6944,6332,-4592,-1478,-2137,9238,1
1564427106,-3792,11560,-1000,542,284,-482,0
1564427106,1404,14956,-464,171,1034,-135,0
1564427106,3868,15908,-1920,-812,1556,2301,0
1564427106,2064,15124,-412,-8,955,2025,0
1564427106,3848,15340,-1800,494,934,-1809,0
1564427106,3840,15940,-836,602,57,-3565,0
1564427106,4736,19264,-1476,-218,1658,2964,0
1564427106,-208,14524,-1064,-111,-513,-1054,0
1564427107,6924,13004,-1680,1465,288,-1509,0
1564427107,732,14840,-512,476,28,-2109,0
1564427107,2024,17280,-3372,823,325,266,0
1564427107,20588,8980,2188,-1888,465,8197,0
1564427107,6500,9932,-284,-876,545,726,0
1564427107,3048,13664,-1668,754,784,-5686,0
1564427107,1912,15580,-492,1262,1128,-2587,0
1564427107,-2636,13780,-584,152,618,-553,0
1564427107,2420,14936,1084,937,-459,3375,0
1564427107,5992,15316,-3784,-44,762,1045,0
1564427107,3692,15568,-1332,507,93,-31,0
1564427107,3656,15016,-1156,-111,866,632,0
1564427107,5208,15508,-1532,438,905,24,0
1564427107,4324,14872,-376,-501,419,-587,0
1564427107,3760,15740,-1192,-85,-108,88,0
1564427107,2648,15076,-292,737,348,-845,0
1564427107,3916,16228,-1748,612,191,-46,0
1564427107,4608,14776,-1004,225,631,-2221,0
1564427107,3176,15016,-780,1696,644,-2883,0
1564427107,9800,13908,1468,-1783,181,1689,0
1564427107,-296,17068,-2020,-229,530,-2154,0
1564427107,1728,15628,-1156,1435,-22,-2482,0
1564427107,1768,15080,404,392,1729,-3486,0
1564427107,3492,17116,-3044,-2549,3614,878,0
1564427107,9644,15920,1556,-2499,10257,-4512,0
1564427107,3556,14956,-1692,6080,5022,-5610,0
1564427107,4028,15604,-1108,2884,5494,-11051,0
1564427107,-5696,17944,-3044,3657,2732,433,0
1564427108,3188,15564,-1100,-4033,1551,3223,0
1564427108,-584,16360,-720,1015,494,2745,0
1564427108,1640,15064,-2184,-1543,1012,3187,0
1564427108,2828,14296,576,-531,1056,2307,0
1564427108,3252,15892,-512,398,654,1964,0
1564427108,2380,14948,180,586,696,389,0
1564427108,3136,15684,-572,1870,625,-3708,2
1564427108,-376,15656,-816,2074,230,-2225,0
1564427108,4816,15912,-1380,-6,39,-494,0
1564427108,3444,16136,-548,1275,101,-2216,0
1564427108,1820,15560,-1496,2147,290,-4396,0
1564427108,-3212,16300,-1772,826,1040,1019,0
1564427108,9576,18352,-1584,-2717,116,6449,0
1564427108,2376,16872,-920,1810,602,-933,0
1564427108,572,16160,-336,-221,-988,450,0
1564427108,3284,15872,-1212,1039,-839,-1360,0
1564427108,764,13768,-2044,1853,182,-3225,0
1564427108,2964,14880,-1340,-478,-812,-1594,1
1564427108,1308,17988,-3560,779,-1072,1143,0
1564427108,2840,19512,-6808,1179,-413,10935,0
1564427108,-7820,11216,2260,3554,-149,-111,0
1564427108,332,14748,2832,1359,-1198,404,0
1564427108,6928,16432,-912,542,-643,-2057,1
1564427108,-21468,23756,4432,3112,-8893,10700,0
1564427108,780,16128,-2040,2803,-1473,291,0
1564427108,-1796,15036,2432,315,-878,1396,0
1564427108,1788,15340,-160,1135,-82,-418,0
1564427109,4436,16476,-4220,1284,130,3737,0
1564427109,2672,17400,-664,2232,-256,2304,0
1564427109,2820,15100,-1032,148,828,-553,1
1564427109,6384,13556,-3620,-559,2366,-381,0
1564427109,3740,14732,-2864,-71,919,-721,0
1564427109,2780,15744,-1596,869,205,-366,0
1564427109,1524,14280,-140,-339,818,1192,0
1564427109,13768,23764,-760,3723,-1551,-4003,0
1564427109,4576,15172,448,-563,293,468,0
1564427109,8972,16840,-3280,122,999,1883,1
1564427109,12824,15792,-6444,4284,1389,1500,0
1564427109,2468,16048,-2184,-794,164,586,0
1564427109,2772,14808,-1828,1172,342,-393,0
1564427109,2904,15656,-2796,1636,235,480,0
1564427109,-752,14956,-2268,1745,445,-510,0
1564427109,4892,14312,-1456,1411,682,1366,0
1564427109,2508,15948,-2736,1461,740,-2262,0
1564427109,2620,15988,-3280,-92,416,768,0
1564427109,32767,22876,-16312,-3702,5805,255,2
1564427109,4244,15316,-3596,2306,1152,-568,1
1564427109,72,12696,-768,241,2249,111,0
1564427109,-20064,10316,-1208,2406,1925,4882,0
1564427109,6716,14092,-2824,461,-345,1873,0
1564427109,3176,15292,-2192,-609,745,84,0
1564427109,3052,14428,-2024,-182,-289,452,0
1564427110,2784,15784,-3712,989,-454,-1441,0
1564427110,3020,14896,-1908,474,265,-402,0
1564427110,2428,15528,-3044,-25,872,994,0
1564427110,3056,15652,-2180,281,971,907,0
1564427110,704,15444,-3104,-217,1381,1675,0
1564427110,3564,15068,-1852,1051,738,3152,0
1564427110,6308,14428,-1272,-466,1228,1969,0
1564427110,4428,15264,-936,1057,312,289,1
1564427110,3884,15768,-2608,374,991,946,0
1564427110,7928,5828,14216,-10024,-1646,5694,0
1564427110,9820,19232,-8544,33,-2350,2976,0
1564427110,6992,14916,-1728,1369,-319,-1284,0
1564427110,1108,14912,-216,-95,667,-2282,0
1564427110,3280,15032,-2068,908,680,1084,0
1564427110,4296,15832,-2220,1973,581,-1810,0
1564427110,5576,15420,-2264,1468,-76,-1306,1
1564427110,2596,14928,-1680,246,-463,-220,0
1564427110,2948,14892,-2012,791,-430,2291,0
1564427110,3296,15124,-1748,1160,-609,450,0
1564427110,3904,15200,-2416,806,-817,1337,0
1564427110,4624,14936,-1772,767,81,2404,0
1564427110,4424,15256,-2440,1166,386,3075,0
1564427110,4900,15288,-2052,864,470,2675,0
1564427110,5468,14944,-2052,742,-50,158,0
1564427110,5252,14988,-1636,457,74,-220,0
1564427110,3884,15248,-2196,-96,-371,-164,0
1564427110,4812,15372,-2040,-496,610,168,0
1564427111,4252,16444,-4304,-940,-221,2208,0
1564427111,5616,15060,-1464,773,-125,-348,0
1564427111,4812,15464,-2876,-616,-34,-2587,0
1564427111,4548,15164,-2468,-369,-417,-1970,0
1564427111,2248,17056,300,3256,-1175,-501,0
1564427111,8500,15464,-3576,5183,2437,2556,0
1564427111,-72,14664,-832,3913,663,1690,0
1564427111,4328,15756,-2732,561,732,-1195,0
1564427111,5364,13720,-2160,1743,1316,1247,0
1564427111,4480,14760,-2532,1147,1092,773,0
1564427111,5124,15116,-2488,556,648,299,1
1564427111,5460,14968,-2588,295,533,-2610,0
1564427111,3656,14636,-1868,776,-101,-1522,0
1564427111,3500,14556,-1884,1298,14,-937,0
1564427111,3404,14620,-2684,995,189,-376,0
1564427111,5036,15724,-3620,413,-23,212,0
1564427111,3692,14696,-2340,467,610,2402,0
1564427111,6260,15124,-2208,525,211,688,0
1564427111,5268,15124,-2688,338,475,-785,0
1564427111,3724,14928,-2252,9,447,-703,1
1564427111,4332,14400,-1928,255,909,590,0
1564427111,4084,15012,-2076,244,677,783,0
1564427111,3188,14804,-2536,818,784,2191,0
1564427111,6188,14488,-2716,823,850,2377,0
1564427111,5704,15076,-4048,936,991,1702,0
1564427111,4900,14836,-2228,976,1105,1336,0
1564427111,4988,15016,-2316,301,727,-295,0
1564427111,4040,15288,-3016,403,585,1065,0
1564427112,4864,14676,-2532,630,919,3603,0
1564427112,6860,14260,-2244,899,640,3239,0
1564427112,6844,14132,-2408,1060,614,1592,1
1564427112,6916,14364,-2516,808,1063,1180,0
1564427112,5188,14692,-2064,700,1052,1778,0
1564427112,4864,14724,-2892,570,1176,3612,0
1564427112,7568,14748,-1816,82,1110,2043,0
1564427112,5200,14912,-2660,49,34,-902,0
1564427112,6644,12552,-1900,483,-48,-591,0
1564427112,6980,14208,-2512,1072,-107,456,0
1564427112,9848,13024,-2152,573,636,-2482,0
1564427112,5688,14396,-2152,675,649,-6140,0
1564427112,2516,14760,-2756,834,-226,-3884,0
1564427112,3360,14688,-2400,1086,321,2180,0
1564427112,6464,14648,-3404,565,627,4195,0
1564427112,6740,14252,-2368,124,763,3309,0
1564427112,7112,14252,-2440,198,412,923,0
1564427112,5376,14904,-2496,-43,113,-320,0
1564427112,4980,14676,-2448,-102,224,1431,0
1564427112,8060,13432,-1904,-688,-931,-1976,1
1564427112,1100,13540,-1756,1369,-1323,-3833,0
1564427112,176,15836,-3512,-601,-1066,2309,0
1564427112,6444,14188,-2440,428,-1641,806,0
1564427112,9600,13504,-3032,3697,-1165,-3651,0
1564427112,9024,14944,-2932,409,756,1294,0
1564427112,6432,14616,-2368,-19,1553,142,0
1564427112,6428,14596,-2656,1087,671,-1157,0
1564427113,4304,14548,-2884,739,571,-636,0
1564427113,2876,15764,-3284,438,-419,-1702,0
1564427113,-8300,11672,-540,1497,87,1566,0
1564427113,7004,12540,-2312,1262,-557,-1570,0
1564427113,-1888,16640,-4984,-1373,1307,-1649,0
1564427113,8552,12748,-3528,1301,-205,-3403,0
1564427113,5768,14872,-1752,846,-887,-4334,0
1564427113,3844,15148,-3680,584,323,-5090,0
1564427113,3632,15300,-3284,519,-704,-4576,1
1564427113,3628,14296,-2996,-773,-362,-2426,0
1564427113,1396,15696,-2492,150,-20,4923,0
1564427113,3952,13868,-3196,108,3353,8684,0
1564427113,5784,14216,-2956,1572,1973,4126,0
1564427113,2540,16764,-2784,3260,-1256,7605,0
1564427113,12860,11444,-1980,2282,-1481,-4857,0
1564427113,6832,14808,-2640,1322,-411,2571,0
1564427113,7864,14160,-2804,727,-88,1094,0
1564427113,7360,14540,-2700,771,649,168,0
1564427113,6852,14776,-4408,-407,2980,-666,0
1564427113,4736,13964,-1736,1310,1103,-449,0
1564427113,5988,14096,-3360,2183,649,1854,0
1564427113,5824,14240,-1048,773,-951,-516,0
1564427113,5168,14952,-3976,-1329,-2491,-3219,0
1564427113,6132,14396,-3724,-2419,-1732,-8482,0
1564427113,4196,14984,-3528,-941,-789,-6419,0
1564427113,5844,14100,-3764,-1764,-1700,-7929,0
1564427113,3260,13048,-956,1024,-2114,-7313,0
1564427114,3736,12932,-1208,1598,-3401,-11407,0
1564427114,236,14808,-4176,5076,-2683,-8875,0
1564427114,568,14964,-2536,3776,-3621,-7610,0
1564427114,-1704,14508,-3432,1679,-876,-6299,0
1564427114,-1728,13916,-2028,2290,-4602,-11225,0
1564427114,-2156,15136,-4776,2443,-4091,-17628,0
1564427114,-5128,16204,-3576,508,-1543,-9755,0
1564427114,-5512,14628,-2396,-46,-2235,-3923,0
1564427114,-6968,14428,-2700,1624,520,5132,0
1564427114,-3848,14776,-3848,1942,3680,11153,0
1564427114,-1320,13880,-3812,1987,3935,9294,0
1564427114,172,14560,-4200,2709,4219,8409,0
1564427114,-676,15536,-3804,94,2762,9465,0
1564427114,1460,15920,-5992,-45,3581,9349,0
1564427114,3980,15516,-7068,-2248,2976,4136,0
1564427114,288,15776,-3996,116,1598,774,0
1564427114,1696,14528,-3380,-449,1901,1794,0
1564427114,1280,14544,-3792,13,1404,207,0
1564427114,1640,14396,-4236,731,1079,-151,0
1564427114,116,15588,-4468,839,260,-726,1
1564427114,1104,14488,-3572,730,516,73,0
1564427114,916,14068,-3828,1236,-180,-1146,0
1564427114,1492,14472,-2572,-1784,1173,484,0
1564427114,-1680,14464,-932,451,-1467,-3172,0
1564427114,156,14600,-1964,-2864,-367,-913,0
1564427114,972,14492,-2052,929,-2653,-469,0
1564427114,1392,15724,-5064,969,1118,964,0
1564427114,72,13652,1124,-335,-1128,1975,0
1564427115,16340,17912,-6392,1995,9918,4004,0
1564427115,568,15060,-2404,889,2217,1374,0
1564427115,2616,16300,-5756,-4603,3449,-62,0
1564427115,-836,14292,280,-1862,1159,-540,1
1564427115,1664,14416,-2712,-4309,-259,-905,0
1564427115,2672,15200,-2868,-6662,-495,-597,0
1564427115,704,16068,-3204,-4529,1124,170,0
1564427115,-2356,9704,452,-6802,-1287,2149,0
1564427115,1820,14708,1944,-801,-1475,-668,0
1564427115,1116,15268,-1552,-6157,540,-389,0
1564427115,1348,15064,784,1436,568,945,0
1564427115,1692,16376,-1576,-907,1375,64,0
1564427115,2368,15564,88,-1350,2707,-399,0
1564427115,120,17796,-1164,-1074,3275,984,0
1564427115,-436,14476,1204,-3593,1999,1571,0
1564427115,1180,15676,-784,3011,-562,1943,1
1564427115,2308,16188,8,-2130,2488,1964,1
1564427115,2152,14184,1964,802,1732,152,0
1564427115,1672,15600,272,4853,-330,-425,0
1564427115,1884,16104,-1348,7562,-2086,422,0
1564427115,1364,15660,800,8620,-1382,404,0
1564427115,1116,16748,-672,6089,-2132,138,0
1564427115,2764,15152,-1000,2687,-336,1281,0
1564427115,1840,15132,-2384,1322,-113,378,0
1564427115,2312,15012,-1948,970,564,1009,0
1564427115,3500,15020,-2300,1183,281,448,0
1564427115,2772,15704,-2272,654,382,-1210,0
1564427116,936,14856,-1284,1248,570,-719,0
1564427116,2132,14880,-1504,797,730,135,0
1564427116,1696,15700,-2068,697,504,-1549,0
1564427116,1284,14916,-1608,1180,-12,-2195,0
1564427116,1376,15604,-2740,1155,827,-199,0
1564427116,1472,15204,-2208,1230,781,95,0
1564427116,2060,15712,-2936,785,489,-868,0
1564427116,1524,15172,-2876,754,567,-603,0
1564427116,1460,15212,-2832,807,659,105,0
1564427116,1520,15480,-2772,507,676,-336,0
1564427116,244,14720,-2288,679,576,110,0
1564427116,1432,15352,-2836,711,324,-479,0
1564427116,1644,15960,-2876,895,11,-773,0
1564427116,556,14508,-2040,927,775,-327,0
1564427116,396,15328,-2132,1742,992,2879,0
1564427116,-200,15104,-2296,1905,245,3382,0
1564427116,1776,13884,-3532,2353,-344,3144,0
1564427116,5612,17128,-5364,1618,-741,-1189,0
1564427116,3432,15408,-3100,761,-35,-4303,0
1564427116,656,15288,-2224,378,1208,-1700,0
1564427116,708,15772,-2656,710,1515,2430,0
1564427116,912,15080,-2668,532,761,1232,0
1564427116,580,15016,-2664,600,125,-403,0
1564427116,1712,14660,-2748,1102,146,154,0
1564427116,1760,14916,-2632,1506,480,166,0
1564427116,1776,14988,-2972,1724,812,292,0
1564427116,1064,15172,-2928,1634,850,256,0
1564427117,1440,15168,-3428,1566,720,67,0
1564427117,1340,15220,-3348,1442,744,371,0
1564427117,1904,14904,-3772,1354,832,776,0
1564427117,2148,15036,-3924,1207,907,462,0
1564427117,2204,14788,-4208,1191,841,-298,0
1564427117,1120,14972,-3768,1174,579,-106,0
1564427117,1492,14804,-3836,1277,104,-317,0
1564427117,388,14816,-3844,1147,-338,271,0
1564427117,1800,14900,-3972,1329,-688,585,0
1564427117,868,14816,-4128,1200,-1151,915,0
1564427117,-156,14980,-4552,1403,-1836,-40,0
1564427117,1320,14180,-4276,1952,-1804,1427,0
1564427117,-1692,14864,-4592,1901,-2409,1467,0
1564427117,1404,15452,-4544,2463,-2554,3146,0
1564427117,4900,16888,-5668,1642,-2415,2348,0
1564427117,5668,15348,-5132,1266,-1823,402,0
1564427117,6076,12632,-4348,1057,-1013,-2637,0
1564427117,4660,11684,-4252,1735,-64,-4425,0
1564427117,1228,12616,-3804,2332,960,-1995,0
1564427117,280,13020,-4164,2815,955,189,0
1564427117,676,14016,-4564,2897,432,1706,0
1564427117,2276,14424,-5584,2769,137,1399,0
1564427117,3212,15524,-6464,2266,314,983,0
1564427117,3916,15224,-7060,1430,709,256,0
1564427117,2644,15164,-7264,418,882,-1439,0
1564427117,280,15060,-6992,-301,373,-548,0
1564427117,232,14040,-6816,-765,-738,-986,0
1564427118,432,11100,-5636,-477,-1296,-230,1
1564427118,-52,9892,-4576,286,-1384,376,0
1564427118,752,9044,-4244,2103,-1040,1384,0
1564427118,-1468,22032,-7424,3161,-1160,3209,0
1564427118,5412,10004,-7188,3125,-1617,5766,0
1564427118,1480,16144,-6740,2226,-2932,-8296,0
1564427118,-2500,11824,-5360,3028,-2983,-7695,0
1564427118,-8644,14616,-4208,2429,-4729,-6606,0
1564427118,-10216,13764,-4824,2849,-7175,-2469,0
1564427118,-8108,11604,-3824,3249,-9707,2077,0
1564427118,-4428,9548,-4876,2858,-10168,5576,0
1564427118,-448,7416,-4884,2272,-9789,6635,0
1564427118,6052,1784,-5328,1764,-8152,-1170,0
1564427118,4372,2872,-4252,3425,-7584,-9320,0
1564427118,5096,3492,-8328,13026,-2331,2499,0
1564427118,6884,3564,-7364,15669,-290,260,0
1564427118,4596,4676,-10252,17338,2236,-1927,0
1564427118,2716,6876,-14716,19271,4259,-4825,0
1564427118,-4,5928,-16176,20007,5980,-5481,0
1564427118,-2688,6740,-18788,19113,6400,-11183,1
1564427118,-9612,7344,-19292,18084,6275,-10705,0
1564427118,-7856,8352,-19468,16649,5854,-6056,1
1564427118,-5556,5564,-22060,15288,4869,-3565,0
1564427118,-3276,5448,-21092,12211,4515,-3606,0
1564427118,-4156,5116,-19924,9576,4720,3640,0
1564427118,3716,3160,-20952,8204,5799,6212,0
1564427118,10200,-608,-20080,8067,8500,4795,0
1564427118,7336,2636,-22476,6242,11344,-267,0
1564427119,3048,1828,-15276,5397,12951,2086,0
1564427119,1376,2492,-15808,3648,12975,1490,0
1564427119,940,-344,-12300,3081,12667,5046,0
1564427119,4516,-480,-12116,2031,11660,3975,0
1564427119,2724,1216,-14104,1614,11522,7117,0
1564427119,-1304,2284,-10316,-70,9528,11295,0
1564427119,3500,4024,-14060,-950,8006,12066,0
1564427119,2316,1616,-14492,-2770,7474,15771,0
1564427119,4216,-864,-14724,-3320,7002,15480,0
1564427119,3040,-1620,-14260,-3760,5371,14153,0
1564427119,3304,-2760,-14448,-2592,3272,11935,0
1564427119,3444,-3648,-12736,-1892,1243,11108,1
1564427119,4356,-6036,-12112,-1203,-151,10273,0
1564427119,4076,-4312,-11504,-1717,-1791,8039,0
1564427119,9304,-5320,-12124,-1820,-1221,8348,0
1564427119,9388,-4672,-11956,-2976,79,8631,0
1564427119,5032,-2460,-11440,-4454,11,8891,0
1564427119,5316,-5008,-10412,-4317,-316,13394,0
1564427119,10720,-5568,-12716,-4371,-359,7642,0
1564427119,6932,-3876,-12168,-4079,-124,8347,0
1564427119,6824,-4428,-12316,-2618,455,13150,0
1564427119,9244,-4672,-12672,-1227,1051,14535,0
1564427119,8644,-3504,-11852,-938,1625,13890,0
1564427119,8576,-3264,-11576,-534,2286,13709,0
1564427119,8840,-2644,-12644,-313,2808,10692,2
1564427119,5884,-1216,-12888,-853,2868,8273,0
1564427119,-32768,2196,-23196,-9907,2555,27916,0
1564427120,8772,-3732,-17408,-9893,-4244,6089,0
1564427120,2192,-6692,-13240,-3957,-3965,9518,0
1564427120,2468,-9668,-12400,-384,-4798,19335,0
1564427120,9116,-9536,-11572,191,-5285,11036,0
1564427120,7972,-6988,-12500,1752,-4295,5799,0
1564427120,10760,-4068,-15028,2583,-1868,5501,0
1564427120,8832,-1904,-16028,2443,840,5732,0
1564427120,7968,-356,-16404,932,2506,1610,0
1564427120,1976,2720,-15368,-1249,3093,1412,0
1564427120,676,1072,-12648,-2371,3064,6078,0
1564427120,1732,-1384,-12016,-2653,2617,5710,0
1564427120,200,-1612,-12604,-2235,2118,4314,0
1564427120,420,-1788,-13276,-1155,1929,4528,0
1564427120,1364,-832,-14324,-787,1459,3029,2
1564427120,664,536,-14608,-1597,850,2306,1
1564427120,1208,1148,-15188,-2199,475,2572,0
1564427120,1384,1396,-15408,-3488,365,3207,0
1564427120,2236,-484,-15100,-3717,543,4395,0
1564427120,1680,-1164,-14364,-3710,640,4140,0
1564427120,60,-2196,-12588,-2673,960,4998,0
1564427120,3832,-2888,-11720,-1344,1049,2215,1
1564427120,4316,824,-13088,-1961,415,-2453,0
1564427120,1300,-96,-17204,-1060,869,1634,0
1564427120,2020,-1932,-15792,-295,1202,-1289,0
1564427120,3252,-2268,-15792,552,1617,-341,0
1564427120,960,-336,-13508,447,1468,-1860,0
1564427120,2220,-440,-13908,916,1643,-928,0
1564427121,604,-532,-14440,443,1817,-1442,0
1564427121,2852,-944,-14368,647,2186,-1245,0
1564427121,1900,-1240,-13952,743,2474,-1209,0
1564427121,1848,-376,-13176,426,2891,-1021,63
1564427121,2492,-892,-14116,679,3329,-882,326
1564427121,3036,-260,-14308,1046,3548,-1193,399
1564427121,4280,-1448,-15212,2349,3646,209,513
1564427121,5244,-940,-12728,1442,2817,-846,552
1564427121,4484,-1952,-12784,1663,2217,-644,626
1564427121,3232,-544,-14100,1316,1696,-990,711
1564427121,5744,-2208,-13804,1383,834,1,727
1564427121,4076,-1244,-14608,2080,384,-394,746
1564427121,4876,-2052,-13436,1550,117,302,750
1564427121,3756,-2312,-13020,1018,-394,270,759
1564427121,4680,-1628,-13152,40,-972,167,759
1564427121,3588,-1612,-13612,-443,-1493,556,760
1564427121,3572,-1784,-13628,-552,-2208,1254,753
1564427121,3636,-1084,-14076,-869,-2545,1283,748
1564427121,3092,-996,-14148,-584,-2671,1925,721
1564427121,2872,-204,-13656,-454,-2710,1414,704
1564427121,2432,-476,-13924,60,-2579,1424,678
1564427121,2136,-676,-13656,670,-2266,780,665
1564427121,1324,-240,-14020,758,-2072,209,670
1564427121,1916,-1040,-14048,1268,-1590,384,685
1564427121,1240,-1288,-13984,431,-2091,-159,708
1564427121,2592,-1780,-14784,169,-2023,-195,720
1564427121,1360,-1216,-14144,216,-1886,446,737
1564427121,1052,-860,-13532,425,-1604,399,744
1564427122,848,-1084,-14168,332,-1189,165,747
1564427122,1328,-1148,-14008,129,-795,-420,749
1564427122,592,-1216,-14344,-57,-351,-382,760
1564427122,988,-1016,-14428,-239,-84,45,763
1564427122,228,-480,-14428,-332,373,-452,769
1564427122,420,-556,-14476,-293,1415,-872,772
1564427122,372,-700,-14212,355,2228,-120,770
1564427122,1040,-520,-14032,507,2554,-105,781
1564427122,1320,-800,-14056,570,2600,-55,789
1564427122,1728,-1024,-13912,424,2380,-232,797
1564427122,2100,-792,-13784,233,1967,-244,800
1564427122,2068,-900,-14056,216,1396,-6,803
1564427122,2140,-1116,-14112,217,787,118,804
1564427122,1204,-220,-14012,501,573,497,805
1564427122,1552,-340,-14360,727,816,618,804
1564427122,1612,-576,-14232,1000,1339,550,802
1564427122,1872,-704,-14004,1079,1799,449,806
1564427122,1764,-632,-14112,1154,2037,374,807
1564427122,2228,-900,-14276,1198,2144,301,811
1564427122,2424,-800,-14036,1234,2248,335,820
1564427122,2164,-676,-14212,1291,2583,644,826
1564427122,2064,-1024,-14068,1639,3186,571,834
1564427122,2300,-776,-14280,2139,3922,733,843
1564427122,3120,-1292,-14148,2406,4535,323,856
1564427122,4052,-1996,-13964,2571,5019,83,866
1564427122,3244,-1876,-15460,3125,5203,-346,877
1564427122,2628,-228,-17620,3623,5413,66,882
1564427123,4984,-3772,-15740,3725,5934,383,882
1564427123,4824,-3812,-16072,4183,6651,-848,874
1564427123,4020,-3108,-15868,4530,7702,-1053,839
1564427123,3084,-1836,-16932,4910,8960,-639,766
1564427123,2056,-1052,-17776,5130,10745,1873,674
1564427123,2548,-256,-19012,5987,12580,4284,383
1564427123,8744,1128,-18788,5367,15938,8467,22
1564427123,140,4056,-16444,3569,14055,5755,18
1564427123,708,1108,-13288,2100,9334,5644,0
1564427123,-5776,348,-10044,-1445,4106,6581,0
1564427123,56,-1512,-9232,-1896,-1107,3274,0
1564427123,-2288,-576,-7940,-5258,-7242,966,0
1564427123,-1368,-2520,-8628,-7093,-13575,602,0
1564427123,-40,-4052,-10736,-7935,-18410,-90,0
1564427123,1464,-4956,-13216,-7831,-22616,-1256,0
1564427123,2132,-4896,-16476,-7936,-26135,-3098,0
1564427123,4572,-5248,-20052,-8013,-28956,-6480,0
1564427123,6736,-5524,-23456,-6731,-29640,-10237,0
1564427123,9448,-6012,-24032,-4678,-26684,-10150,0
1564427123,15648,-5332,-21000,-2966,-20834,-13571,0
1564427123,10748,1664,-17964,-2933,-11126,-5508,0
1564427123,13580,-5856,-12472,213,-341,1814,0
1564427123,9488,-2480,-15492,1856,7492,2604,0
1564427123,-1768,-11032,-14956,4813,9872,-1328,0
1564427123,-8724,-2132,-16416,-2670,9247,-2359,0
1564427123,-6700,-1500,-15236,-1381,9206,-6635,0
1564427123,1088,-2076,-12280,-1083,7765,-3895,31
1564427124,464,-2700,-14548,-398,5449,-925,451
1564427124,-1296,-2196,-14088,-382,4668,-2011,623
1564427124,464,-2692,-15356,-1142,5493,-3179,715
1564427124,-1424,192,-13908,-1181,5051,-3793,730
1564427124,-900,-80,-13820,786,5683,-132,758
1564427124,1392,-1476,-13792,870,4750,-262,776
1564427124,1784,-1548,-14024,645,2954,-978,790
1564427124,1088,-1012,-14096,875,2078,-606,796
1564427124,1328,-1180,-14456,823,1903,149,804
1564427124,956,-1048,-13920,976,1969,1039,805
1564427124,1372,-948,-14336,972,2322,798,811
1564427124,1036,-960,-14284,1116,2832,1430,819
1564427124,844,-1000,-13904,1743,3972,1385,830
1564427124,856,-848,-14600,2307,5927,645,844
1564427124,1644,-1536,-14620,2662,7860,110,862
1564427124,1820,-648,-15820,3484,9420,30,876
1564427124,2404,-2240,-18096,4640,10297,1654,886
1564427124,1048,-4100,-19520,3758,11487,2666,887
1564427124,2520,-5228,-18956,4862,13658,686,869
1564427124,2452,-3980,-21684,6545,16434,-1196,814
1564427124,-3120,-396,-25920,8744,17092,-2044,642
1564427124,-2812,3824,-17956,6134,19091,12205,115
1564427124,5228,3372,-15820,2430,15395,5508,16
1564427124,-6940,3724,-11024,429,6650,5596,15
1564427124,-988,-56,-6836,-3744,865,6393,0
1564427124,-3832,88,-6844,-5453,-6592,74,0
1564427124,-2936,-1964,-5956,-8225,-13056,-134,0
1564427125,-2440,-6152,-8656,-8408,-20197,-1173,0
1564427125,-2156,-8184,-10388,-7594,-26072,-2955,0
1564427125,-1972,-6908,-16396,-5552,-30755,-2805,1
1564427125,4768,-6528,-24116,-4921,-32768,-4387,0
1564427125,9784,-5700,-27748,-4197,-32768,-6049,0
1564427125,20876,-10348,-26140,-3180,-27760,-9328,1
1564427125,22584,-160,-18820,-583,-15997,-11492,0
1564427125,25472,-4076,-14372,-1125,420,-1676,0
1564427125,15932,-2036,-17076,2072,11833,-4693,0
1564427125,-32768,-2040,-18648,1986,2758,-5500,0
1564427125,32767,-6500,-18900,768,16435,1778,0
1564427125,-11724,-1008,-14544,-2685,7837,-1460,0
1564427125,-5392,-4420,-10760,-2670,4905,-7181,23
1564427125,-1856,-3820,-12884,-1893,5589,-1896,444
1564427125,-336,-1460,-14712,-1850,6770,-1006,607
1564427125,-604,-400,-14048,-1253,5410,-1188,669
1564427125,1388,-644,-14388,-179,4438,-1179,724
1564427125,-300,-1404,-14348,22,3765,-667,747
1564427125,532,-632,-14016,183,3777,-376,773
1564427125,564,-1020,-13944,663,3670,-267,788
1564427125,1460,-1556,-13696,710,3855,-652,805
1564427125,804,-864,-14112,797,4055,-485,826
1564427125,1840,-1084,-14332,1012,4209,-28,830
1564427125,2008,-1560,-13984,1127,4464,-77,836
1564427125,1776,-704,-13896,1224,4907,-137,844
1564427125,2104,-764,-14516,1209,5594,889,851
1564427125,2984,-1240,-14072,1425,6249,1144,859
1564427126,2816,-872,-14764,1967,7011,973,872
1564427126,3952,-2220,-15904,2285,7903,1846,881
1564427126,5316,-4564,-16592,3603,8850,-69,888
1564427126,5588,-2792,-20836,4914,10413,-1796,890
1564427126,2584,-3384,-19348,4681,13507,-353,842
1564427126,1000,-2372,-20808,5344,15809,1394,743
1564427126,-3452,5308,-23484,5763,17611,6289,434
1564427126,3184,3280,-21204,5500,19878,11316,49
1564427126,6084,3420,-12052,2121,14010,5174,24
1564427126,-1664,-20,-13756,132,6904,-181,14
1564427126,808,-2172,-7996,-3516,1655,-5415,0
1564427126,-1340,1096,-6368,-5020,-4342,-9321,0
1564427126,-5912,252,-4688,-5702,-11119,-1325,0
1564427126,-316,-4268,-6348,-5660,-16297,2378,0
1564427126,-808,-6176,-9032,-5138,-21830,1435,0
1564427126,276,-5324,-13464,-4522,-27043,891,0
1564427126,3456,-6412,-19108,-3419,-30556,356,0
1564427126,8684,-7580,-22052,-3189,-32768,-7832,0
1564427126,9832,-4000,-26300,-1296,-30828,-9655,0
1564427126,9312,-3412,-25308,-7,-26305,-5526,0
1564427126,11508,380,-22032,530,-17916,3424,1
1564427126,18256,-4460,-14136,-211,-6150,11986,0
1564427126,19800,-4484,-14124,1598,4784,5296,0
1564427126,8892,-2688,-16944,2428,12208,-631,0
1564427126,-13348,-356,-22368,-1799,9543,-6094,0
1564427126,5836,-1280,-19720,-18,12734,-7573,1
1564427126,4840,-872,-12560,-1841,10837,-4849,2
1564427127,-3424,-1316,-14276,-786,6302,-2759,505
1564427127,-1684,-1424,-15164,694,6082,-1408,705
1564427127,2172,-2916,-15124,-1360,6628,-3864,730
1564427127,-1104,556,-13128,-268,5437,-2712,765
1564427127,408,-76,-13904,1071,5318,-732,790
1564427127,1220,-1632,-14472,550,4652,-759,808
1564427127,960,-816,-13924,399,3699,-310,819
1564427127,1040,-408,-14244,662,3372,488,828
1564427127,752,-848,-13976,814,3480,1091,833
1564427127,1544,-772,-14060,1015,3921,957,840
1564427127,1628,-892,-14012,1141,4253,1208,848
1564427127,1112,-260,-14308,1320,4982,1100,858
1564427127,1504,-860,-14472,2048,6651,1121,867
1564427127,2192,-2028,-15156,2071,8401,985,878
1564427127,2216,-92,-16532,2304,9459,670,887
1564427127,3536,-2440,-18864,3594,11165,1892,891
1564427127,-72,-1708,-21404,2661,13102,2959,885
1564427127,2424,-4348,-20412,3220,16028,2235,859
1564427127,2500,-4472,-24104,4433,18729,1677,765
1564427127,-13712,5832,-25872,3381,17658,10938,518
1564427127,4632,5792,-18252,-74,17811,11201,38
1564427127,-6928,140,-5908,-1133,11356,22998,22
1564427127,1988,-972,-9540,-7100,5093,14243,31
1564427127,-3484,-252,-7144,-10045,-3659,4132,0
1564427127,-3616,-2868,-5888,-12602,-9637,5435,0
1564427127,-2872,-8276,-8076,-12365,-15297,6083,0
1564427127,-588,-11204,-10548,-11482,-19870,3882,1
1564427127,-1876,-11512,-11504,-8750,-24863,1963,0
1564427128,-2856,-8584,-17012,-6398,-28269,3511,0
1564427128,2428,-7808,-23644,-6370,-29901,6143,0
1564427128,9880,-10496,-25372,-6235,-30433,941,0
1564427128,13596,-9940,-23888,-2556,-26358,-6761,0
1564427128,11012,2636,-19916,-1782,-18290,-5505,0
1564427128,18556,-4588,-13424,-761,-3739,10437,0
1564427128,15724,-5404,-14348,4206,7807,4924,0
1564427128,7316,-1768,-16472,2627,13935,4647,0
1564427128,8544,-5424,-15332,-183,10744,5549,0
1564427128,-6364,2420,-18828,1666,6989,-17893,0
1564427128,9992,-1056,-14868,-666,11170,-1236,0
1564427128,-5184,-2148,-14440,1643,5512,-295,1
1564427128,-2512,-1724,-13760,1152,4755,1520,344
1564427128,740,-2624,-15888,-65,5046,-591,531
1564427128,-2148,-148,-12148,-920,3760,-2638,602
1564427128,-2916,2072,-13524,1192,4547,1069,629
1564427128,132,-1192,-14524,1839,5147,788,666
1564427128,-96,-1508,-14108,1171,5044,-668,702
1564427128,296,-308,-13180,1671,5081,-1548,718
1564427128,452,-1024,-14160,1634,5152,-990,756
1564427128,652,-960,-14020,1298,5008,-562,779
1564427128,1116,-956,-14388,1465,4694,-176,802
1564427128,1392,-964,-14140,1544,4421,420,822
1564427128,872,-284,-14148,2148,5513,940,846
1564427128,1844,-1952,-14752,2500,7448,-77,860
1564427128,2068,-1184,-15560,3177,9259,-643,876
1564427129,1280,1552,-18708,4173,10610,1502,888
1564427129,4416,-1368,-23284,5417,12880,916,890
1564427129,3864,-5520,-21060,4379,15335,2003,881
1564427129,2264,-5336,-21384,5139,18085,63,817
1564427129,-3444,-432,-25872,7046,19383,596,664
1564427129,6000,2608,-19520,3240,22524,14272,108
1564427129,-5944,5444,-15456,1145,14935,4707,9
1564427129,-4216,-968,-9552,230,7202,12150,0
1564427129,-452,-2320,-5716,-3725,-1211,3664,0
1564427129,-4648,-1544,-4764,-5841,-9304,-1169,0
1564427129,-3408,-3192,-6636,-6640,-16048,-2074,1
1564427129,-3212,-5852,-8368,-5770,-21832,-1676,0
1564427129,-1536,-7036,-12188,-5575,-26311,-1084,0
1564427129,356,-7512,-15992,-3412,-30124,91,0
1564427129,628,-5264,-22136,-2868,-32530,840,0
1564427129,6112,-5800,-26988,-3847,-32768,-44,0
1564427129,10348,-6432,-28604,-4465,-32480,-7475,0
1564427129,13168,-3556,-23440,-2864,-26131,-11886,0
1564427129,24688,-312,-14324,-2959,-6832,7844,0
1564427129,23336,-7916,-12692,3161,9326,2806,0
1564427129,7592,-1356,-18128,1439,16119,1964,0
1564427129,-32768,-4992,-22320,7603,-669,-13935,0
1564427129,32767,-14608,-15260,570,23014,13592,0
1564427129,-17036,-984,-15076,-2896,10392,-3419,0
1564427129,964,-7348,-8124,-4066,7726,-7021,0
1564427129,-1144,-3256,-16408,-2634,6365,-2392,147
1564427129,-1248,-1220,-13684,-497,6241,102,424
1564427129,200,-1628,-14836,428,5004,-28,514
1564427130,-532,-1340,-14180,143,3169,-1322,559
1564427130,-100,-900,-14148,-127,3268,-2023,589
1564427130,-392,-1272,-13888,237,3695,-380,635
1564427130,300,-1384,-14336,-259,3685,250,706
1564427130,492,-1464,-13736,3,3840,-205,739
1564427130,92,-788,-14212,243,4339,-880,768
1564427130,-204,-656,-13912,921,5061,366,795
1564427130,1060,-1940,-13596,1300,5900,691,816
1564427130,532,-828,-14620,1478,6987,241,836
1564427130,1876,-1220,-14528,2096,8197,542,851
1564427130,2640,-2540,-14560,2400,9562,109,867
1564427130,2120,-432,-18256,2959,11148,1532,883
1564427130,2896,-3496,-19264,3249,12583,2351,889
1564427130,4016,-4448,-21804,5262,15003,-694,883
1564427130,-708,-3908,-25600,5999,19330,446,795
1564427130,-7856,5264,-28956,7002,21261,6569,563
1564427130,1536,2628,-19296,6070,21267,9722,68
1564427130,2632,1784,-11240,1136,14610,12040,0
1564427130,-5356,1748,-7572,2524,2631,2657,0
1564427130,-4808,-1092,-2436,-4047,-3667,8499,0
1564427130,536,-432,-4484,-5900,-11877,-1511,2
1564427130,792,-960,-8020,-7793,-18820,-2978,0
1564427130,1888,-4280,-10876,-8520,-23582,-4543,1
1564427130,4776,-7272,-14008,-7198,-25845,-3031,0
1564427130,5268,-6804,-17248,-4254,-27172,-1872,0
1564427130,7332,-4880,-19292,-3368,-27271,-1727,0
1564427130,6824,-3784,-22012,-4665,-27700,-4153,0
1564427131,7316,-5052,-23484,-4191,-27134,-7068,0
1564427131,8636,-4212,-20820,-3078,-23505,-10533,0
1564427131,7916,2568,-18104,-2406,-15016,-4286,0
1564427131,15892,-5208,-11840,-1604,-1665,6970,0
1564427131,13224,-5724,-14324,2152,7552,944,0
1564427131,5956,-3428,-16076,857,12894,-1450,0
1564427131,-26168,-6332,-17756,4784,6877,-8221,0
1564427131,10908,-3600,-15868,-1543,12959,3656,0
1564427131,-7476,12,-21452,-1078,6180,-19275,0
1564427131,5176,-3032,-14824,-2335,9255,-2134,211
1564427131,552,-1320,-13908,-1437,6005,-2742,542
1564427131,-3552,-1192,-13820,-856,5481,-2455,708
1564427131,-132,-1012,-14652,-756,5264,-1244,744
1564427131,208,-468,-13800,16,5357,-749,775
1564427131,-536,-692,-14012,1010,5091,4,795
1564427131,804,-1296,-14064,944,4550,848,810
1564427131,1280,-1228,-14204,1005,3886,627,818
1564427131,1172,-1608,-13928,1244,3746,580,827
1564427131,976,-1496,-13844,1172,4025,694,836
1564427131,1108,-1356,-14124,1491,4503,526,846
1564427131,1932,-1312,-14272,1959,5055,866,858
1564427131,1728,-1296,-14572,2425,5432,885,864
1564427131,2700,-2432,-14476,2781,6214,499,874
1564427131,1888,-1800,-15436,3478,7610,-313,882
1564427131,2204,-1972,-16988,4019,9695,325,887
1564427131,4680,-3284,-20932,5813,11951,-618,889
1564427131,1436,-6468,-22084,5569,17096,-1983,831
1564427132,-3176,-1976,-25188,6808,19437,-1161,714
1564427132,4596,2968,-23780,5872,21433,4011,127
1564427132,-220,5816,-15756,2540,16967,11891,29
1564427132,-4836,1340,-7108,3472,9251,8720,3
1564427132,-4452,-1400,-6072,-1921,2815,16081,0
1564427132,1756,-1020,-6496,-3052,-5680,3820,0
1564427132,-2328,1740,-6424,-7670,-12351,-371,0
1564427132,-852,-1424,-8364,-9535,-17919,1136,0
1564427132,196,-5624,-11544,-9922,-21372,1721,0
1564427132,1020,-8520,-12540,-9098,-26366,-1586,0
1564427132,-1188,-6004,-18352,-6776,-28745,63,0
1564427132,5600,-7480,-24724,-6558,-30881,-1233,0
1564427132,11452,-7912,-25604,-6984,-31226,-9550,0
1564427132,14612,-7096,-25460,-3973,-25862,-17822,1
1564427132,9636,4944,-17760,-2617,-15396,-8698,0
1564427132,24580,-7596,-12200,-2102,758,3344,0
1564427132,13956,-5100,-15724,2029,11630,-3072,0
1564427132,-14316,-16712,-14260,5126,11666,-4067,0
1564427132,-5476,-5420,-12776,-5550,10613,3646,0
1564427132,1468,-6108,-12312,-2931,10981,2551,0
1564427132,-3664,-4172,-12536,631,5406,-2505,0
1564427132,-2540,-2356,-12484,-360,4637,-1734,314
1564427132,828,-2812,-14780,-1110,5152,-2127,533
1564427132,-1872,-652,-12852,-798,3726,-1763,624
1564427132,-576,-732,-14088,676,3877,-584,679
1564427132,-284,-1560,-14816,493,4087,-871,715
1564427132,-668,-868,-13860,473,4308,-686,754
1564427133,68,-1216,-14196,800,4871,-148,779
1564427133,868,-1772,-14180,968,5213,-609,803
1564427133,616,-1592,-14092,1038,5368,-304,824
1564427133,1588,-1352,-14228,1526,5388,-386,842
1564427133,1488,-1304,-13896,1638,5320,263,854
1564427133,1556,-1360,-14752,1944,5263,774,865
1564427133,2172,-2468,-13972,2227,5590,782,874
1564427133,2528,-2644,-14620,2576,6570,266,883
1564427133,2432,-2052,-16516,3377,7659,502,891
1564427133,3400,-3700,-16724,4280,8922,-61,897
1564427133,4712,-5712,-18852,6089,10733,-2385,895
1564427133,1908,-3952,-19332,6168,13180,-2503,884
1564427133,1096,-2696,-21620,7178,16125,-2086,827
1564427133,-2472,1840,-25340,8742,18841,1162,672
1564427133,2364,712,-20960,7849,21090,8938,50
1564427133,1756,2996,-14984,5355,15708,3721,2
1564427133,-4412,4260,-13480,3601,4250,-3931,0
1564427133,240,2432,-6368,-2009,-1407,-1103,0
1564427133,-1828,1956,-7636,-2736,-9377,-6626,0
1564427133,-1152,1032,-6324,-5925,-14789,-4939,0
1564427133,392,-1876,-8264,-7165,-19889,-4960,0
1564427133,-956,-3224,-9344,-8628,-25361,-5095,0
1564427133,-2180,-3164,-14808,-8374,-29388,-1351,0
1564427133,4408,-8668,-20272,-8145,-31717,439,0
1564427133,12236,-10224,-23324,-6493,-32768,-12504,0
1564427133,10652,-7912,-24252,-2545,-29614,-11320,0
1564427133,13008,-5644,-22844,62,-22327,-6859,0
1564427133,11848,1008,-18680,-76,-10783,7382,0
1564427134,24296,-7236,-13412,2587,1994,10603,0
1564427134,14468,-256,-16996,3610,10994,2020,0
1564427134,-23696,5376,-21616,2559,9467,-568,0
1564427134,16348,-1748,-17568,1358,13178,6058,0
1564427134,-7924,2904,-16916,2411,6706,-9986,0
1564427134,10960,0,-16428,-1713,9672,-216,0
1564427134,-1272,-1576,-17892,-1933,5331,-3363,421
1564427134,-1396,-744,-15164,-1074,6163,-2231,567
1564427134,-140,52,-14336,-945,5260,-1504,630
1564427134,-988,540,-12904,811,3998,485,646
1564427134,560,-384,-14252,375,3958,-1037,669
1564427134,-456,-412,-14196,125,3865,-1468,698
1564427134,-472,-560,-14176,181,3855,-552,721
1564427134,208,-320,-14108,-28,4143,-124,749
1564427134,212,-348,-14100,-195,4553,6,764
1564427134,620,-116,-14384,-142,4958,270,782
1564427134,1128,56,-14304,34,5515,455,800
1564427134,1500,140,-14400,174,5872,1377,811
1564427134,1784,492,-14180,273,6143,1843,820
1564427134,2364,-68,-14096,338,6647,2188,829
1564427134,2368,692,-14884,237,6749,2499,836
1564427134,3596,-356,-14872,1126,7459,2432,845
1564427134,4200,-916,-16312,1163,8550,2031,852
1564427134,3728,-900,-16272,1459,9539,1927,858
1564427134,3156,180,-21624,2633,12465,466,843
1564427134,2188,-372,-21488,1417,15243,3469,805
1564427134,640,-3268,-23636,1948,18434,5547,751
1564427135,-880,3968,-25620,1253,20643,10912,442
1564427135,-5600,3920,-14992,-3233,18578,18935,7
1564427135,-6732,3284,-10432,-899,10121,14019,0
1564427135,-1892,-7036,-5472,177,3189,19040,1
1564427135,2360,-2504,-6896,-4382,-7887,-2173,0
1564427135,-5128,2692,-4412,-6750,-16505,-8087,0
1564427135,-4980,48,-6224,-6409,-22951,-1992,0
1564427135,7440,-1092,1064,5376,-27386,-9413,0
1564427135,8584,-5744,-16064,-4433,-31592,-2613,0
1564427135,2388,-2496,-24176,-2713,-32768,412,0
1564427135,8184,-2328,-30744,-4076,-32768,4170,0
1564427135,18180,-8948,-28956,-5065,-28695,3718,0
1564427135,18184,-4540,-20480,-2437,-19387,786,0
1564427135,17740,-5260,-14556,-2004,-4807,12832,0
1564427135,17856,-9776,-13064,2352,6213,8215,0
1564427135,6764,-6408,-16076,3817,13074,3606,0
1564427135,-18304,252,-22164,-1724,9332,175,0
1564427135,22252,1060,-20408,734,15199,-4453,0
1564427135,-4304,1800,-12604,174,9665,-6673,0
1564427135,-3232,408,-13388,979,6166,-3001,258
1564427135,724,-1836,-15640,813,5621,-2175,636
1564427135,-336,-3072,-15216,-540,5705,-4693,731
1564427135,-1564,728,-13744,-709,4984,-2843,775
1564427135,124,772,-13464,1047,4922,-652,798
1564427135,636,-1172,-14556,669,3845,-1108,806
1564427135,848,-324,-13832,365,2809,-1018,811
1564427135,604,56,-13876,805,2263,-657,814
1564427135,372,-304,-14264,831,2202,-283,821
1564427136,388,-20,-14136,950,2341,-266,826
1564427136,656,-236,-14188,936,2725,105,830
1564427136,664,-188,-13812,1090,2952,425,830
1564427136,1084,-576,-14184,1234,3512,1460,829
1564427136,764,-276,-13992,1307,3707,2613,831
1564427136,1840,-840,-13992,1089,4138,3135,831
1564427136,1524,-484,-14060,1069,4909,1510,832
1564427136,1196,436,-14168,1450,5907,1358,840
1564427136,2180,-48,-14652,1532,6672,1552,850
1564427136,2332,600,-14476,1706,7272,3502,853
1564427136,-836,4312,-16404,1179,7215,7854,850
1564427136,272,5192,-21264,968,8701,13199,817
1564427136,-2512,416,-20484,-1477,9633,22825,831
1564427136,224,808,-16516,-3490,10472,28437,762
1564427136,-3412,4412,-15152,-6243,9761,32767,507
1564427136,-6176,-384,-9716,-9050,7479,32767,0
1564427136,9656,-10528,-10932,-13187,4305,32767,0
1564427136,-776,-9796,-9892,-13171,2519,32767,0
1564427136,1020,-14976,-9820,-9834,1742,32767,0
1564427136,1312,-12156,-10772,-8280,1057,32428,0
1564427136,-76,-12020,-11780,-7440,560,32767,0
1564427136,1320,-12864,-12860,-5916,425,32767,1
1564427136,3048,-11464,-13116,-4487,308,28601,0
1564427136,2952,-8680,-12816,-3422,138,23746,0
1564427136,976,-5888,-13012,-2938,-573,20311,0
1564427136,-768,-4548,-12508,-2590,-1443,20232,0
1564427136,-980,-3352,-13936,-2339,-2101,22471,0
1564427137,504,-3376,-14064,-1736,-1818,25108,0
1564427137,4104,-2728,-14212,-1336,-853,21891,0
1564427137,5280,-2240,-13836,-1409,-567,14877,0
1564427137,4312,-4148,-12900,-848,-1082,4216,0
1564427137,568,-2768,-16340,-704,-2870,-7815,577
1564427137,1540,-1104,-17596,-3360,-724,-7682,676
1564427137,-1456,-1952,-13816,-912,1656,-5110,726
1564427137,-2340,-2516,-14800,-1182,2535,-1961,751
1564427137,796,-2424,-13664,-1626,2909,451,781
1564427137,500,-1284,-13468,-1775,2501,1,802
1564427137,756,-1184,-14076,-1627,2465,175,818
1564427137,1168,-1292,-14464,-1458,2915,494,822
1564427137,716,-260,-14612,-903,2830,515,825
1564427137,1052,-576,-13548,-121,2338,730,826
1564427137,1468,-808,-13676,207,1682,696,827
1564427137,1628,-584,-14032,232,760,1337,825
1564427137,1336,-792,-14124,599,266,2048,823
1564427137,840,-412,-14068,426,278,1804,827
1564427137,1212,-932,-13908,841,808,2468,827
1564427137,1160,-656,-14036,1050,1515,2081,827
1564427137,1056,-696,-14168,1286,2552,974,829
1564427137,1124,-364,-14244,1217,3343,1168,834
1564427137,756,-580,-14420,1321,4704,2658,833
1564427137,2976,-2116,-14268,1373,6058,925,832
1564427137,2116,-1200,-14236,1588,7223,-251,841
1564427137,1824,-144,-15300,2315,8622,-44,851
1564427137,2068,36,-16944,1618,10251,2101,866
1564427137,6176,-2680,-20792,3116,12329,1586,868
1564427138,4800,-5800,-19012,2866,14418,1676,859
1564427138,2248,-5148,-22668,4219,17681,-1348,809
1564427138,-528,-3284,-28896,5415,19353,1044,668
1564427138,1076,4392,-19284,392,18818,8126,15
1564427138,-2680,1028,-7196,-2311,14323,14470,0
1564427138,-5096,-1632,-7284,-2516,3692,10048,7
1564427138,-712,-3724,-3764,-3428,-2873,7251,0
1564427138,-3028,-1800,-4484,-5469,-11410,-418,0
1564427138,-2704,-2128,-6388,-6107,-17893,-1243,0
1564427138,-1920,-3204,-9364,-6242,-23551,125,0
1564427138,1360,-6772,-14744,-5121,-27231,2422,0
1564427138,1240,-7340,-17144,-3378,-29540,2525,0
1564427138,5380,-6060,-23268,-2896,-30181,4195,0
1564427138,9448,-6944,-26788,-3802,-31118,-2970,0
1564427138,13580,-8276,-25276,-2522,-27283,-11306,0
1564427138,13164,2336,-19308,-367,-18421,-8366,0
1564427138,16916,-936,-15968,-445,-4118,8393,0
1564427138,17904,-5316,-13512,1905,6752,3374,0
1564427138,8180,-1844,-16600,1765,13147,3026,0
1564427138,-6536,-7556,-11060,1440,10448,-190,0
1564427138,-10884,-660,-19208,-2512,7480,3298,1
1564427138,17508,-3324,-21560,1255,9233,-9614,0
1564427138,3084,-3436,-14636,-342,9515,-79,0
1564427138,-3144,-2004,-13012,-441,6504,-3818,79
1564427138,-1552,-1748,-14208,487,5789,-1185,562
1564427138,480,-1960,-14272,-214,6058,-1255,652
1564427138,-648,-732,-13648,-626,4510,-2113,704
1564427139,132,-1128,-14528,205,4577,-166,727
1564427139,4,-844,-13992,335,4552,71,747
1564427139,660,-1168,-13768,444,4183,-1,769
1564427139,844,-1068,-13748,595,3949,288,780
1564427139,700,-1004,-14104,714,3895,703,793
1564427139,1668,-1512,-14192,982,4146,506,811
1564427139,1028,-836,-13676,1511,4770,581,824
1564427139,1656,-1408,-14452,1971,5788,645,843
1564427139,1868,-1192,-14848,2475,7253,311,859
1564427139,3324,-2888,-14668,2998,8772,-589,874
1564427139,1332,380,-18072,4050,10143,168,887
1564427139,2856,-1956,-19236,4173,11991,1760,892
1564427139,2284,-2456,-22500,5490,14179,50,889
1564427139,1764,-4076,-22340,5672,17358,695,863
1564427139,-3184,-2588,-25680,7638,20228,1178,788
1564427139,448,1808,-20296,6628,23711,9286,167
1564427139,-5360,6840,-17220,3786,16360,10435,43
1564427139,8536,-1652,-7080,3456,11552,3274,5
1564427139,-9448,2764,-6564,-4545,-1926,1937,0
1564427139,-1212,436,-4460,-3745,-9904,-3385,0
1564427139,-5752,1612,-5552,-6340,-17105,-3771,0
1564427139,-2480,-1592,-8872,-7903,-22865,1426,2
1564427139,336,-5608,-13728,-8538,-27454,1091,0
1564427139,-152,-6256,-16996,-7954,-32080,-1120,0
1564427139,1732,-4816,-24308,-7754,-32768,563,0
1564427139,9892,-8176,-29552,-8587,-32768,-2926,1
1564427139,18888,-12200,-27884,-5148,-32249,-10389,0
1564427140,18608,-1064,-22212,-2409,-22906,-16039,0
1564427140,26396,-7164,-12984,-1716,-1893,6196,0
1564427140,16992,-4384,-15960,4077,10494,1966,0
1564427140,-6472,-2916,-17940,4217,14072,3584,0
1564427140,5424,-5424,-17672,-1191,13164,4363,0
1564427140,-4136,3176,-16972,819,8540,-14676,0
1564427140,11044,640,-18124,-2010,11358,-3015,0
1564427140,-2412,-1064,-15496,933,6490,-5194,12
1564427140,-2544,-1964,-14264,896,7100,-1949,551
1564427140,1132,-2128,-14684,-346,7532,-2642,675
1564427140,100,-344,-13612,176,5836,-1891,728
1564427140,1120,-1012,-13940,851,4712,-1529,764
1564427140,1248,-1404,-14272,392,3844,-435,801
1564427140,356,-932,-14028,-1,3645,936,803
1564427140,1000,-716,-13796,474,3787,1342,811
1564427140,780,-904,-14268,631,4179,1439,817
1564427140,1476,-860,-13968,1132,4873,984,829
1564427140,2024,-872,-13964,1302,5394,1885,838
1564427140,2340,-1336,-14324,1459,5515,2180,844
1564427140,1964,-992,-14140,1855,6275,1974,856
1564427140,912,-348,-14800,2058,7779,2259,865
1564427140,4024,-3448,-16076,3670,9811,987,877
1564427140,2900,-2420,-19000,3901,11962,765,884
1564427140,3100,-4540,-20120,5156,15038,490,884
1564427140,-2360,-368,-27136,5676,18627,-326,865
1564427140,-2880,-3048,-30404,8310,22453,2191,778
1564427140,-4140,1908,-21444,5910,25586,13446,245
1564427140,-4964,6540,-17924,2727,18390,11741,65
1564427141,3416,-1956,-8032,4794,10443,6064,0
1564427141,-8172,712,-5372,-4492,-557,4572,0
1564427141,2052,500,-4732,-3348,-8445,-4274,2
1564427141,-3872,1912,-4644,-6222,-17155,-7315,0
1564427141,-2392,-1692,-6904,-6945,-23719,-5887,0
1564427141,10052,-4824,-27692,-7866,-32768,-447,0
1564427141,16000,-10188,-26148,-5714,-29513,-1967,0
1564427141,17540,-6160,-22516,-3294,-22015,-6662,0
1564427141,16884,-3452,-15052,-3011,-8694,2846,0
1564427141,20968,-10020,-11748,1565,4501,2374,0
1564427141,9652,-6164,-15508,2510,16397,1596,0
1564427141,-32768,5656,-25480,1810,3056,-9789,0
1564427141,32767,-2120,-18672,1518,20418,6742,0
1564427141,-17608,1436,-15660,1434,6572,-12727,0
1564427141,676,-3444,-11288,-960,7754,-1025,475
1564427141,-888,-2208,-14808,-170,6937,-1285,656
1564427141,-768,-28,-14168,-1269,6628,-2405,711
1564427141,-1284,1856,-13020,143,5277,-1190,742
1564427141,1332,-1044,-14448,1021,5381,-1066,761
1564427141,532,-676,-14476,452,5132,-748,780
1564427141,924,340,-14016,609,5027,513,795
1564427141,1336,-232,-14372,777,5257,1768,811
1564427141,1604,-648,-13696,824,5333,1516,814
1564427141,1440,-356,-14212,781,5684,1507,825
1564427142,2512,-560,-14356,923,5694,1156,831
1564427142,3384,-900,-13932,962,5770,1099,836
1564427142,2644,-348,-14868,1665,6541,442,874
1564427142,3400,-1700,-15612,1506,7963,203,882
1564427142,4628,-2612,-15824,2140,9839,-1374,879
1564427142,2444,-132,-18956,2293,11887,-719,864
1564427142,2684,-456,-18768,2370,14038,760,857
1564427142,5724,-2100,-22696,4174,17440,-900,837
1564427142,-272,-768,-26156,2341,20844,4054,775
1564427142,-1712,1752,-32612,2759,25108,8686,476
1564427142,-5828,3016,-20920,793,23544,11280,105
1564427142,-1236,4212,-14444,-1581,17836,13541,59
1564427142,-11684,2576,-11888,-1345,1430,11466,0
1564427142,352,-6548,-924,-2216,-4128,9725,0
1564427142,-2340,-1364,-3076,-7083,-14434,-5517,0
1564427142,-8208,-212,-5884,-7833,-23120,-2947,0
1564427142,-2640,-4336,-8968,-6732,-28840,1355,0
1564427142,-2404,-6232,-15216,-6641,-32768,297,0
1564427142,4200,-9620,-20268,-4978,-32768,-2519,0
1564427142,10640,-6040,-28952,-2846,-32768,-10633,0
1564427142,19808,-6848,-31444,-801,-32768,-5694,0
1564427142,24960,-4868,-27280,1164,-25748,-8138,0
1564427142,16948,6024,-19248,-46,-11554,8308,1
1564427142,26032,-6168,-14516,1228,4960,10770,0
1564427142,15088,-4288,-19684,3492,15000,2870,0
1564427142,-22304,-100,-23644,-1390,9614,-6752,0
1564427142,19408,-2036,-15676,231,17540,-2066,0
1564427143,-2816,788,-14644,147,9759,-8844,91
1564427143,-824,-2976,-12868,75,6237,-4033,606
1564427143,-2848,-2468,-13588,-342,5531,-1501,694
1564427143,1980,-2924,-16404,-1275,7561,-2734,745
1564427143,-1472,-40,-13280,-598,4985,-3263,773
1564427143,352,-152,-13112,646,4766,-1158,786
1564427143,1008,-2376,-14408,609,4141,-612,798
1564427143,796,-1376,-14452,-145,3585,-218,809
1564427143,676,72,-13892,265,3603,1295,817
1564427143,1048,-712,-14224,451,3952,1493,827
1564427143,1560,-928,-14024,693,4509,1331,836
1564427143,1744,-1156,-13952,877,5035,1335,843
1564427143,1900,-1000,-14320,1118,5461,1767,853
1564427143,1384,-404,-14492,1467,6131,2435,860
1564427143,2336,-1324,-14764,1771,7274,2477,865
1564427143,2884,-2264,-14920,2288,8748,1758,876
1564427143,3660,-2676,-16924,3270,10648,66,881
1564427143,3216,-2468,-18416,3343,13038,983,881
1564427143,4576,-5008,-20420,4538,15834,-284,875
1564427143,-820,-2300,-27396,5694,20871,2486,788
1564427143,-5936,5048,-30148,5033,24404,10255,511
1564427143,-4768,3912,-21600,3932,22320,12667,100
1564427143,2876,1684,-10264,-18,17068,13488,50
1564427143,-6984,3188,-11408,-204,1380,5339,0
1564427143,-1036,-3860,-1200,-3424,-4568,5741,0
1564427143,-3948,-456,-3408,-7561,-14792,-7702,1
1564427143,-3704,-1716,-6720,-8359,-22250,527,0
1564427144,-204,-6920,-11312,-8211,-28320,623,0
1564427144,792,-8276,-13632,-7617,-32768,-4713,0
1564427144,2388,-6576,-22128,-4180,-32768,-5740,0
1564427144,14532,-7004,-28380,-4134,-32768,-9027,1
1564427144,23540,-7980,-26992,-3565,-31745,-12915,0
1564427144,23004,-6092,-22804,-339,-22008,-20852,0
1564427144,14812,5980,-17992,-297,-8276,-7934,0
1564427144,17968,-4040,-13864,393,4562,214,0
1564427144,116,-3376,-20804,3763,12359,-352,0
1564427144,-2492,-3736,-21740,-2952,12193,-539,0
1564427144,-7828,-3212,-12824,-1344,10657,-3761,0
1564427144,684,-4192,-12536,-2679,6844,-8554,338
1564427144,112,-2724,-14716,-2135,5892,-2531,684
1564427144,-1024,-1772,-14740,-1321,6571,-2256,751
1564427144,-148,-1624,-14340,-1267,5559,-1367,786
1564427144,-112,-1728,-12888,309,4547,-859,808
1564427144,376,-2180,-14428,215,4160,-335,819
1564427144,620,-1868,-13544,332,3495,511,827
1564427144,1060,-1760,-13912,491,3042,1340,836
1564427144,1424,-2432,-13920,765,2880,782,842
1564427144,264,-1360,-13996,1007,3198,918,850
1564427144,1908,-1916,-14032,1560,3985,702,860
1564427144,1612,-1312,-14100,2004,4408,361,866
1564427144,1400,-1064,-14648,2436,4747,1550,876
1564427144,2408,-2988,-14284,2661,4983,1904,882
1564427144,2736,-3060,-14148,3257,6317,1075,889
1564427144,3156,-4168,-15544,4937,8338,-1834,898
1564427144,2556,-3760,-18064,5031,10191,-1446,903
1564427145,3496,-3172,-22472,7817,12203,-3246,902
1564427145,2012,-2900,-20916,8038,14891,-1276,886
1564427145,-1012,-644,-24916,9111,18215,291,826
1564427145,-5548,-640,-23788,10870,19793,5254,393
1564427145,7104,2456,-19176,7605,18206,2850,14
1564427145,6744,-1304,-11844,7894,9240,-10801,24
1564427145,-9340,4636,-8736,347,388,-11944,0
1564427145,-4424,2352,-4460,739,-8073,-9760,0
1564427145,-2084,1900,-4564,-8,-15405,-10052,0
1564427145,-1104,1908,-6440,-442,-22337,-11800,0
1564427145,460,2904,-10416,-931,-27983,-12440,0
1564427145,-14352,-5684,-25536,-12711,-31848,2761,0
1564427145,9424,3580,-24424,-2102,-32768,-11049,0
1564427145,15632,496,-27964,-7048,-32768,-12803,0
1564427145,15076,-372,-25596,-7130,-28898,-15762,0
1564427145,13284,-3824,-21324,-3680,-19917,-8873,0
1564427145,15540,-2084,-14588,-3589,-8769,6710,1
1564427145,19632,-8884,-14428,-969,3789,13335,0
1564427145,11464,-5092,-15992,1491,10387,8143,0
1564427145,324,-20256,-12652,6208,12738,5103,0
1564427145,-8420,-1444,-19740,-5213,11053,-2872,0
1564427145,8036,-5628,-14008,-1314,10955,-10469,0
1564427145,-1064,276,-15212,-1266,7979,-6556,448
1564427145,-364,-2440,-16320,-587,6728,-1695,739
1564427145,-124,-512,-14416,-2175,6445,-2679,775
1564427145,460,996,-12928,-3,5608,-820,794
1564427145,1096,-768,-14520,540,5073,-763,854
1564427146,1240,-1196,-14456,-37,4553,-587,870
1564427146,1664,-32,-14012,-98,4329,-193,875
1564427146,1496,136,-13868,198,4244,459,880
1564427146,1960,-608,-14164,413,4167,461,880
1564427146,2680,-792,-14136,261,4158,745,882
1564427146,2020,-348,-13916,103,4264,1659,885
1564427146,2156,204,-14152,76,4819,2448,886
1564427146,1980,1328,-14716,101,5205,3354,887
1564427146,2156,1064,-13592,118,6138,5444,888
1564427146,3764,-1952,-14368,447,7740,5604,890
1564427146,5784,-3536,-15904,1318,9273,1771,898
1564427146,3360,108,-18696,1239,10938,1975,901
1564427146,2384,380,-19204,1498,13478,4343,869
1564427146,-636,1976,-25268,1731,17164,4006,844
1564427146,548,-1188,-28084,683,22433,8823,813
1564427146,-4428,6112,-29856,-26,25018,16042,413
1564427146,-12508,9684,-24092,-4433,23156,20791,195
1564427146,15076,-2004,-10520,-6099,18469,21352,96
1564427146,-8308,-2080,-11836,-11836,1637,-7112,0
1564427146,2364,-3484,-3524,-10850,-858,-4714,0
1564427146,-6840,-5868,-1812,-10685,-10289,-4303,0
1564427146,-3204,-11388,-640,-7641,-17136,3522,0
1564427146,-2496,-13844,-5260,-3147,-23631,1168,0
1564427146,-584,-11488,-8960,-280,-28869,-1327,2
1564427146,-1704,-6836,-13416,2318,-32698,-669,1
1564427146,4072,-6492,-20120,3322,-32768,764,0
1564427146,7072,-5192,-27048,2746,-32768,-484,0
1564427147,8472,-7208,-31204,5957,-32768,2005,0
1564427147,15076,-624,-29540,3837,-27264,6372,1
1564427147,15900,2224,-21360,1003,-14113,12246,0
1564427147,25604,-5768,-13712,1574,-245,7596,0
1564427147,13148,-1624,-16420,2955,9647,2650,0
1564427147,-3380,-872,-17804,2194,13493,884,0
1564427147,-3132,-3876,-17740,-1957,12247,5794,0
1564427147,7088,-3816,-15280,2237,11231,-7513,1
1564427147,4948,-1784,-15732,-751,12081,-900,0
1564427147,-2504,-3272,-13916,581,6944,-5224,461
1564427147,-2400,-3408,-14560,-46,6862,-689,662
1564427147,140,-2420,-13560,-482,7933,156,704
1564427147,-712,228,-12968,712,4795,162,736
1564427147,104,-920,-13964,574,4379,-212,759
1564427147,736,-1156,-14236,531,4062,-516,777
1564427147,88,-696,-13916,816,3810,344,798
1564427147,1208,-1624,-14224,1069,3884,373,804
1564427147,676,-1444,-14048,761,3600,267,819
1564427147,976,-732,-14148,951,3902,545,825
1564427147,1600,-1536,-14064,1254,4353,993,837
1564427147,1032,-984,-14056,1121,5157,795,847
1564427147,1196,-1224,-14684,1195,5940,1753,854
1564427147,3016,-1984,-13344,1744,6415,1169,863
1564427147,1340,456,-15764,2458,7456,1410,875
1564427147,4144,-3440,-15380,2935,8906,1456,885
1564427147,3800,-3284,-18848,3878,10568,-648,894
1564427147,3820,-4184,-20636,5181,12669,-1406,893
1564427147,360,-2364,-21720,4507,15595,193,884
1564427148,-392,-1648,-24608,5307,19118,1540,824
1564427148,2812,1940,-24412,5534,23410,9840,326
1564427148,-11416,6036,-17268,3640,17170,16215,95
1564427148,11404,-1040,-7176,2294,13964,7629,7
1564427148,-11284,3440,-11544,-3759,833,3699,0
1564427148,724,364,-5092,-5291,-6969,-933,0
1564427148,-4884,1600,-5600,-7803,-13736,-230,0
1564427148,1092,-4364,-7804,-8967,-19864,2487,0
1564427148,944,-5576,-11508,-10419,-24885,-359,0
1564427148,56,-5804,-14124,-8852,-29328,-293,0
1564427148,700,-6416,-20784,-8426,-32504,792,0
1564427148,8192,-7796,-27636,-8939,-32768,-2117,0
1564427148,10728,-8908,-28616,-8912,-32768,-5206,0
1564427148,17420,-12716,-23556,-2974,-26847,-9700,0
1564427148,13808,1508,-17900,-2964,-14030,2855,0
1564427148,30136,-12904,-10912,1974,4178,8691,0
1564427148,9668,-1600,-18968,4234,14911,-56,0
1564427148,-32768,-968,-22200,3521,4333,-4354,0
1564427148,25972,-2980,-16856,1259,14998,4406,1
1564427148,-13804,5804,-20272,1045,5353,-16350,0
1564427148,4924,-984,-14824,-2891,8250,-5418,1
1564427148,-688,-616,-17600,-76,7140,-3186,559
1564427148,-880,-1320,-15668,-117,6895,-2355,687
1564427148,-724,-344,-13556,-169,6254,-2390,727
1564427148,256,200,-13720,178,5111,-1414,767
1564427148,1308,-860,-14760,529,4000,-1262,792
1564427148,488,-1056,-13872,208,2844,-484,801
1564427149,432,-348,-13480,194,2428,444,805
1564427149,448,-860,-14256,637,2398,1092,813
1564427149,900,-392,-14008,670,2497,691,817
1564427149,888,-784,-14352,899,2958,1164,821
1564427149,812,-716,-14248,909,3519,1079,828
1564427149,1164,-716,-13796,1100,4456,1544,835
1564427149,464,-132,-14572,1590,5324,1261,841
1564427149,2228,-964,-14012,1493,6244,1240,845
1564427149,2172,-1032,-14076,1749,7404,541,854
1564427149,1812,252,-15048,1996,8774,703,861
1564427149,2784,232,-15672,2032,10026,3715,868
1564427149,4616,-1384,-19776,3093,11672,3071,868
1564427149,5300,-5396,-19828,2804,13662,3629,862
1564427149,3228,-6100,-24756,4687,17263,416,834
1564427149,-3284,-568,-26920,3459,21125,1656,741
1564427149,-2180,3000,-21808,672,18764,11492,216
1564427149,4676,1996,-7148,-1143,14985,12661,121
1564427149,-5444,-1672,-932,226,6870,16861,10
1564427149,3468,-3708,-5264,-1627,-3705,5281,0
1564427149,-1988,-592,-4588,-3791,-11404,-6056,0
1564427149,-52,-1144,-7352,-4476,-16007,-4158,0
1564427149,5112,-6312,-11308,-3483,-18808,-2815,0
1564427149,5364,-6376,-11776,-3791,-21321,-7332,0
1564427149,2172,-4488,-13520,168,-21996,-3918,1
1564427149,5680,-3960,-16484,388,-21888,278,0
1564427149,6788,-4824,-17916,-105,-21719,-505,0
1564427149,6932,-6304,-18476,1149,-20934,-4632,0
1564427149,5032,-3284,-18236,2224,-19390,-8250,0
1564427150,-36,1420,-19616,1127,-16668,-3131,0
1564427150,2936,-1820,-16280,-666,-12052,6507,0
1564427150,4756,-5408,-14440,-486,-8469,4730,0
1564427150,9488,-4604,-14960,438,-3130,231,0
1564427150,3668,-3968,-13344,-385,643,-1782,0
1564427150,84,132,-15732,151,4847,-2919,0
1564427150,-14196,-3624,-16992,-91,5340,6360,0
1564427150,5996,-5200,-15652,-925,8909,-1294,0
1564427150,-6508,-3068,-13120,-637,7528,-3424,0
1564427150,-2008,-516,-14284,-2832,7095,-5496,0
1564427150,-3612,-552,-12636,-1575,6436,-5082,511
1564427150,-2992,-4084,-15100,-297,5965,-2380,714
1564427150,-748,-3636,-14020,-1746,5541,-3826,775
1564427150,-2068,-700,-13460,-1267,4883,-2829,793
1564427150,-800,-2000,-14452,-354,4353,-1823,819
1564427150,-472,-1292,-13508,-516,3720,-1109,828
1564427150,-436,-1756,-14412,-508,3198,-429,833
1564427150,176,-1180,-14264,-850,2869,27,839
1564427150,176,-972,-13972,-663,2788,469,844
1564427150,764,-2236,-14456,-734,3041,1684,843
1564427150,-1380,-1184,-14040,-1692,3587,1262,842
1564427150,404,-324,-14148,-1243,4860,535,843
1564427150,-1032,-344,-14872,-993,6626,232,848
1564427150,1644,-1580,-14784,-1189,8111,-734,857
1564427150,4740,-1516,-13856,-802,6864,-1972,865
1564427150,3644,-1056,-13948,-506,5226,-1682,863
1564427151,2532,860,-13752,-70,3927,-857,863
1564427151,2440,2128,-13860,243,3012,670,858
1564427151,960,3932,-14160,94,1878,5061,857
1564427151,4476,548,-13116,328,1389,6737,852
1564427151,4904,-1860,-13312,979,1861,4344,845
1564427151,4384,-1092,-13596,677,2650,3832,842
1564427151,3648,48,-13756,826,3157,3694,839
1564427151,4920,-2360,-13516,966,3511,2912,839
1564427151,6752,-4912,-12092,1784,3458,-579,853
1564427151,4764,-576,-13304,1887,3897,-2464,862
1564427151,4348,1236,-13720,1844,4349,-879,865
1564427151,5524,-1132,-13636,2209,4657,-58,867
1564427151,6888,-3344,-13628,3031,5071,-1904,870
1564427151,5096,-724,-16400,4090,6013,-2875,869
1564427151,3108,172,-20256,4709,7770,-1730,862
1564427151,1504,-1256,-22660,3518,11175,658,842
1564427151,1180,-1168,-22548,3094,12933,4067,775
1564427151,5048,1780,-22920,731,14676,6731,404
1564427151,584,2076,-10180,-1471,11129,8647,123
1564427151,13244,1144,-608,-2804,6256,11493,25
1564427151,4092,-1632,316,-2592,-5164,9626,0
1564427151,4160,-960,-5172,-7639,-12051,-2532,0
1564427151,3324,-972,-4516,-4305,-10492,10377,0
1564427151,7100,-5096,-14404,-7112,-11585,16990,1
1564427151,19168,-15172,-11780,-7046,-8907,17014,0
1564427151,12236,-11308,-13416,-4160,-4825,14357,0
1564427151,15152,-10780,-12536,-2330,-2175,10733,0
1564427151,11804,-5680,-15680,-269,-768,-2033,0
1564427152,-1440,-988,-14736,526,-1366,136,0
1564427152,5820,404,-15216,-563,12,1644,0
1564427152,4568,-2312,-10804,-1373,-631,3776,0
1564427152,6988,-6816,-12512,-995,-119,2557,0
1564427152,6836,-7828,-13988,113,-27,-1148,0
1564427152,3780,-5148,-15572,1208,89,-4181,0
1564427152,2028,-1436,-16432,737,632,-3396,0
1564427152,5276,-632,-12936,-224,1256,-1545,0
1564427152,5412,-944,-11928,-936,1295,1130,0
1564427152,5924,-1324,-11732,-1165,1304,1603,0
1564427152,5736,-2472,-11368,-679,1110,1021,0
1564427152,6684,-1668,-11812,-484,1187,-889,0
1564427152,5692,-1160,-12680,-409,711,-812,1
1564427152,4924,-2088,-14128,-215,789,-806,0
1564427152,3444,-2028,-15516,246,653,-813,0
1564427152,4856,-524,-12776,9,878,-319,0
1564427152,4828,-1468,-12680,350,417,642,0
1564427152,5092,-1704,-13568,609,447,367,0
1564427152,3696,-2244,-15268,828,620,424,0
1564427152,4156,-168,-13960,422,1041,1069,0
1564427152,6136,-1060,-10244,402,920,1275,0
1564427152,6100,-568,-11024,131,644,862,0
1564427152,4840,-976,-14252,-543,333,2124,1
1564427152,5596,-2728,-12484,-1095,-369,3196,117
1564427152,6292,-3184,-13220,-543,-1080,1083,332
1564427152,5724,-3584,-15268,-457,-1374,483,403
1564427152,4468,-2172,-14312,-62,-1683,-441,387
1564427153,3880,88,-13604,-317,-1379,835,367
1564427153,4796,-1728,-14200,-343,-1215,1310,314
1564427153,4668,-1640,-14416,-25,-1284,566,258
1564427153,4460,-2092,-14424,40,-1294,-81,231
1564427153,4668,-948,-13744,-265,-1369,-264,189
1564427153,4956,-3368,-14900,293,-1370,-502,59
1564427153,2304,-2128,-17432,1066,-1211,-664,11
1564427153,2684,948,-16900,792,-1377,1508,0
1564427153,3388,1380,-13036,86,-1457,4223,0
1564427153,4120,740,-10996,-417,-1186,5633,0
1564427153,4748,356,-11400,-341,-505,5579,0
1564427153,680,296,-13224,-439,-1227,6264,0
1564427153,1152,316,-15784,-1045,-2150,6892,0
1564427153,3620,-852,-15396,-1091,-3001,6872,0
1564427153,6404,-932,-15112,-282,-3677,5292,0
1564427153,14520,-916,-15652,231,-3879,-5348,0
1564427153,-4452,4068,-18520,-3481,-6901,-15127,0
1564427153,-3252,3940,-18368,-5342,-4425,-7128,0
1564427153,-3412,2488,-16636,-6017,-6716,-8034,0
1564427153,-9092,2024,-18328,-7911,-9422,-6623,0
1564427153,-1092,768,-20132,-6446,-9318,-4908,0
1564427153,-6396,2596,-22148,-6601,-11903,-6798,0
1564427153,-2640,3244,-20252,-7051,-11835,-5256,0
1564427153,-8184,4708,-19196,-7456,-13734,-4251,0
1564427153,-8080,4364,-15528,-7956,-15498,-4278,0
1564427153,-6236,4664,-13888,-8317,-15973,-2619,0
1564427153,-5704,6256,-11752,-9032,-16522,-327,0
1564427153,-812,7100,-11696,-9380,-13736,2291,0
1564427154,1860,7952,-8644,-11102,-10718,3658,0
1564427154,4048,6504,-6808,-12133,-5912,9253,0
1564427154,8476,-320,-6756,-10373,775,11246,0
1564427154,7096,-2776,-6204,-8529,6046,6081,0
1564427154,5148,-3732,-5968,-5221,11371,3859,0
1564427154,-344,-3428,-8176,-1831,13794,535,0
1564427154,-7804,-820,-10452,429,15707,-3347,0
1564427154,-15776,5156,-9020,836,15122,-2736,0
1564427154,-17472,8820,-8536,577,12805,2364,0
1564427154,-15080,10600,-9552,-824,9561,5512,0
1564427154,-16284,14316,-8664,164,7745,13254,0
1564427154,-11844,19884,-12036,-3489,5320,15798,0
1564427154,-1340,15676,-12712,-11254,2958,11874,0
1564427154,-1232,11008,-11396,-11457,2209,6320,0
1564427154,380,8264,-9528,-8880,2979,6996,0
1564427154,-752,10812,-7624,-3976,3174,6109,0
1564427154,1056,13288,-8936,-2603,2732,3978,0
1564427154,716,13168,-7208,-2547,1573,602,0
1564427154,-1352,12668,-6868,-2204,667,-14,0
1564427154,-1120,13028,-7368,-2141,228,1287,0
1564427154,-112,12892,-7040,-1874,-378,1912,0
1564427154,392,13328,-7076,-1793,-1000,926,0
1564427154,436,12440,-6080,-1407,-1494,99,0
1564427154,-420,12524,-5256,-737,-1761,823,0
1564427154,1736,11604,-5772,82,-1790,1813,0
1564427154,2304,13808,-6248,45,-1867,588,0
1564427154,4076,13704,-6108,587,-1378,1261,0
1564427155,2228,13788,-5392,335,-1102,510,0
1564427155,1248,13284,-6000,-4,-1139,-354,0
1564427155,-888,17424,-6464,-373,-1144,337,0
1564427155,888,15608,-6984,-919,-1371,1164,0
1564427155,1872,14628,-5460,-1234,-1799,2070,1
1564427155,2188,14184,-6020,-1723,-1834,851,0
1564427155,4432,13800,-5828,-1041,-983,1468,0
1564427155,2416,15172,-4652,-983,-134,1315,0
1564427155,3780,13620,-5144,-722,207,566,0
1564427155,2084,14296,-4764,-697,510,-28,0
1564427155,1932,13404,-4636,-396,890,537,0
1564427155,1796,13724,-4356,121,1158,724,0
1564427155,2304,13836,-4936,400,1271,113,0
1564427155,1744,13500,-5476,811,1492,-289,0
1564427155,856,14476,-5264,1022,1329,344,1
1564427155,708,14104,-5700,913,990,253,0
1564427155,808,14408,-5520,609,848,75,0
1564427155,3328,13900,-6748,450,-400,-209,0
1564427155,2476,14872,-7176,1162,-598,273,0
1564427155,824,15344,-4012,599,292,427,0
1564427155,1364,15280,-4888,-190,77,510,1
1564427155,1368,17368,-5848,-529,-96,732,0
1564427155,2556,16464,-4576,-1186,-14,-18,0
1564427155,2580,17932,-5548,-2310,-169,13,0
1564427155,5624,14060,-4908,-2600,645,-839,0
1564427155,4756,9856,-3908,-1926,1251,-3769,0
1564427155,2760,7124,-2268,460,2344,-3046,0
1564427155,104,6988,-1452,2922,2936,-967,0
1564427156,-2600,16168,-3644,4207,2600,389,0
1564427156,-7060,17088,-3344,2931,2914,17027,0
1564427156,6340,12320,-6312,72,202,-7966,0
1564427156,-264,16320,-5192,1366,1861,3236,1
1564427156,836,11852,-3448,1618,948,172,0
1564427156,1412,15396,-4164,2024,1615,3270,0
1564427156,2188,13752,-5016,1122,278,-1729,0
1564427156,2320,15712,-6352,424,-117,-2109,0
1564427156,1708,14112,-5772,620,548,-297,0
1564427156,2432,13712,-5168,508,767,1212,0
1564427156,2348,13880,-5220,397,747,385,0
1564427156,1880,14236,-5056,426,413,-862,0
1564427156,956,14136,-4592,912,264,-680,0
1564427156,2244,14196,-5192,279,426,87,2
1564427156,2772,14184,-5168,456,665,281,0
1564427156,2500,14292,-4716,570,731,-477,0
1564427156,2920,14228,-5108,732,840,-952,0
1564427156,2640,14184,-4612,684,1296,-544,0
1564427156,2388,14344,-4972,551,1494,-329,0
1564427156,1504,14204,-4780,862,1492,-821,0
1564427156,960,14564,-5100,618,908,-1011,0
1564427156,392,14936,-6912,-1146,692,230,0
1564427156,-2788,14928,-6728,-1816,-2290,333,0
1564427156,912,13212,-3556,-937,244,-546,0
1564427156,2340,14012,-4312,-337,-727,-389,0
1564427156,3044,14300,-4604,663,338,-295,0
1564427156,4148,13376,-3768,2476,1241,-2871,0
1564427157,1360,13380,-3624,882,230,-3415,0
1564427157,280,12296,-4036,1128,2118,-6473,0
1564427157,664,16364,-3716,-705,1458,-3081,0
1564427157,1632,12952,-5284,-778,924,-4249,0
1564427157,-1520,17036,-3712,-1281,1194,-9807,1
1564427157,-2312,15420,-4368,78,1113,-340,1
1564427157,-1744,15400,-3444,1791,-271,6233,0
